3.615766364374061181e-01
1.363689653537701219e+00
1.105476138231209049e+00
3.068246767627502702e-01
6.672813137975007747e-01
3.911099036579849253e-01
9.458591160090190630e-01
2.887563658075267270e-01
5.642845884289273695e-01
2.976917169766380433e-01
1.179129983897588829e+00
3.779738964929946765e-01
4.245345100754460699e-01
3.765852269567727673e-01
6.729329585439306483e-01
1.244039376161231392e+00
3.101442950824759848e-01
7.334507937311929293e-01
1.322854163635067248e+00
3.023027428584106890e-01
7.945939532515169379e-01
1.203165074221248521e+00
9.609154081088427946e-01
3.933797243457329285e-01
1.005273544219999815e+00
6.881836758238145668e-01
5.904607206718281986e-01
6.940473620149884004e-01
1.303202801963679436e+00
3.875883598384285977e-01
6.618602736927161612e-01
2.367814266011497304e-01
4.058589359247976036e-01
3.558085310577101534e-01
9.509630080911305461e-01
1.378249337536792130e+00
1.304755494740023281e+00
4.251844831236663569e-01
5.091975804304876840e-01
7.078402602550591949e-01
6.276197688220230830e-01
1.107244707413224782e+00
1.185314028972465739e+00
6.827158488719117235e-01
4.414454334947507386e-01
7.196933305015612570e-01
9.483678114181475216e-01
3.953838939402368746e-01
2.493097281701383838e-01
1.300388915657280542e+00
6.832100268702826495e-01
3.804615462005557780e-01
7.176664816230091670e-01
7.069989120776345448e-01
3.830429650352084048e-01
6.758552178190664339e-01
4.503546929293799073e-01
5.975983999718663675e-01
7.084277699688237284e-01
5.864003766568283149e-01
4.302006741939483070e-01
4.523961108441781898e-01
1.375056256486990813e+00
2.916227181558901371e-01
6.210599438218745716e-01
3.652933967785120251e-01
5.205462951620549727e-01
1.304044267432767246e+00
1.366409040132330110e+00
1.149134694855343142e+00
8.814351592655774725e-01
7.058997695619783075e-01
1.095864094016860024e+00
8.539562461210007394e-01
1.197503039094447219e+00
2.882328117415191571e-01
5.284624626811932346e-01
1.240545482213356143e+00
6.931261671122931345e-01
1.303081273266712525e+00
9.535566671630312241e-01
6.669185232865036950e-01
4.466541653297884662e-01
1.181131290317807281e+00
1.281012144020698740e+00
6.433740461189237925e-01
6.654665022888167636e-01
3.927769908930494602e-01
6.885420418303407342e-01
1.309700918090431987e+00
6.785425005818512822e-01
9.881948506005814314e-01
3.864923131302244741e-01
3.879863332145110921e-01
1.362895106288963598e+00
8.069361231572953486e-01
1.266705555285206453e+00
9.491585701497144978e-01
1.194679924943603311e+00
2.882551310819892465e-01
6.672798755607003418e-01
3.656837121602727891e-01
5.113887574443914952e-01
1.337960024037071927e+00
1.287580970233355382e+00
3.799791552117443572e-01
7.415900069264584893e-01
3.761289788030000580e-01
1.319194320307308654e+00
1.302914519879146749e+00
9.192012183933447877e-01
7.036437809111902864e-01
1.312171411642415464e+00
9.455112586131847463e-01
1.211025687437895959e+00
3.753309128175915110e-01
2.965445583912088567e-01
3.166044866109628542e-01
4.139978468087139318e-01
3.845609476432957918e-01
3.841308941275139999e-01
3.547230841772934240e-01
1.232932576947526560e+00
1.224896818432718248e+00
2.834297695847367571e-01
3.776586918175600105e-01
1.170895236309919207e+00
3.799145688162206547e-01
3.047245775104305276e-01
3.835587430241738094e-01
9.441052591086153134e-01
1.180432126276418359e+00
5.240226004795912607e-01
2.938896482990155379e-01
2.188561026375398233e-01
8.233788713721488239e-01
1.093000507673128618e+00
3.678252368249371185e-01
1.363966672060598961e+00
5.372909301325173859e-01
3.747797910855037440e-01
2.947738496292323096e-01
1.223753832495857008e+00
6.974490742733084891e-01
4.087770343630073300e-01
1.336929198624678516e+00
1.338688730986707487e+00
1.220101917408529468e+00
3.779924220592376094e-01
2.862501349818634133e-01
2.967170382200144951e-01
4.736384863830108705e-01
1.361547776630754214e+00
7.422546893710825211e-01
4.572929902253553003e-01
4.235470993102411486e-01
3.024668281372727696e-01
9.246324138767740841e-01
1.206688700767007294e+00
3.875319704186311331e-01
6.545394523900064376e-01
7.092599178457835718e-01
9.224509001514360484e-01
6.627839419292023138e-01
1.087832626216299170e+00
3.552037697587129839e-01
5.211950615072131754e-01
6.838886606104029875e-01
1.104118090018784581e+00
3.746249534773848366e-01
7.375202642111687856e-01
1.078985090755167242e+00
1.209862682176431781e+00
1.018459264605848125e+00
7.348621536679922350e-01
6.866456666780602625e-01
3.892343793028857912e-01
1.320945581263816448e+00
2.895001044562813819e-01
6.981631769368789042e-01
6.291235776781336497e-01
1.946728316211705501e-01
9.176893670010584092e-01
1.216241985309570284e+00
2.371215482578176992e-01
4.761709781550522158e-01
6.410628201653011393e-01
1.260797649166718992e+00
8.012241142346686607e-01
3.729527683591942200e-01
3.618395771094868874e-01
7.184320624070625882e-01
6.954812433332041577e-01
6.996898669616725686e-01
3.672804532886463358e-01
4.050840753309459252e-01
1.157315210312980236e+00
1.298083478453469164e+00
9.363217467033381203e-01
2.999308758582374113e-01
9.225637178906628266e-01
1.226546470334533012e+00
4.228588277538725682e-01
3.013418367143225196e-01
9.506197717706555972e-01
1.104548460556487699e+00
5.440710435285713853e-01
9.243052029683943571e-01
2.968114197045562674e-01
1.028734927598342841e+00
1.206855822737516792e+00
3.052524637254215856e-01
3.588631510981281636e-01
7.140474323551164737e-01
1.411597169908405558e+00
6.875940570896782456e-01
6.671551016083019370e-01
3.000172942521123765e-01
3.767407766800299207e-01
3.603204986632371765e-01
5.340913371198088289e-01
7.044260325134260592e-01
3.919663245910816052e-01
2.148448965531528088e-01
1.318303416905803438e+00
1.292710285207608001e+00
3.674530457625233559e-01
6.686873152159944489e-01
4.179761083967206137e-01
6.873237442067007263e-01
4.460938166401349769e-01
3.782436512671217832e-01
3.985477287929485302e-01
1.336145851678118834e+00
6.588591313621049439e-01
6.395331150989232993e-01
3.764055280244393842e-01
1.386400467426841754e+00
3.691505451374476054e-01
1.352978109149743702e+00
3.042418154722219548e-01
9.347219587827066967e-01
1.414742641811666424e+00
3.728800360198316066e-01
2.918864479050448102e-01
1.361622698230003925e+00
3.878982097439305776e-01
1.319573354109125018e+00
1.280877364917293759e+00
3.914511206228884488e-01
4.699753266003341978e-01
4.855333355906620851e-01
1.073161023107515488e+00
1.361648585003510714e+00
1.781595775771430690e-01
6.351837964842870221e-01
1.405937365002255968e+00
7.606450285422460267e-01
1.211184625525917991e+00
2.217009498095431630e-01
1.359592462973885363e+00
7.196229093720762915e-01
7.953694013912285810e-01
6.633618299622952019e-01
3.682726406206217051e-01
1.060348542553083639e+00
7.171164888534111714e-01
1.289111572884657386e+00
3.002186353107633154e-01
3.638895051833365701e-01
3.783368335931048820e-01
1.084219900924463742e+00
4.725577891186573121e-01
9.946547755212685749e-01
3.640114409741168622e-01
3.991601075814668054e-01
1.280073901311395534e+00
9.521368026638343807e-01
4.779613406874076986e-01
2.494424478954422320e-01
1.271013111871773127e+00
1.311492999250921887e+00
6.690062183078746560e-01
6.643297191512171906e-01
3.810898229435042417e-01
9.516352739091226143e-01
1.184945064540707138e+00
7.196846003984506135e-01
2.929046725684620878e-01
1.342406747622942653e+00
9.393335257476393974e-01
2.954644855908948320e-01
9.437910711885014736e-01
7.694389526919929168e-01
9.492083347553621486e-01
7.713905222018250241e-01
3.727645657201622553e-01
6.029536366194214736e-01
2.246151197970508717e-01
1.300079866903653958e+00
5.544453826737720803e-01
3.623142657630532559e-01
7.401796407858266535e-01
1.221995973400356483e+00
9.358225681911651606e-01
1.263840074108442790e+00
4.528695006131590595e-01
3.630450712925950008e-01
6.408241022135859888e-01
1.334973139194411074e+00
4.123105666571973971e-01
1.351877617051687519e+00
3.752381185355468385e-01
3.083344270791060215e-01
9.294396193115951332e-01
1.190330347196897787e+00
1.092935411523111355e+00
3.846567482350671252e-01
1.358828020739025533e+00
1.355531014874277851e+00
1.105871603377364787e+00
9.927052262675194472e-01
6.392262087079437771e-01
3.161513459708896745e-01
1.233844316737733537e+00
1.188875742128874036e+00
3.676548841087794450e-01
2.515068093995156406e-01
3.945446895661270381e-01
1.181354811459327081e+00
1.009083556488681310e+00
3.139560804040652520e-01
7.751236185973151560e-01
7.472853262238713379e-01
7.591360506319805301e-01
9.640981468890884587e-01
3.758843686537189921e-01
1.424195352955939686e+00
6.481686978358203177e-01
1.142172266371868528e+00
1.308616366999773462e+00
1.189696274326854875e+00
1.303871235358420755e+00
6.916046070744039653e-01
9.213035563316602783e-01
5.700224265380416933e-01
6.003960611796238522e-01
2.059157863522691478e-01
6.848879804310927799e-01
2.910253875026838077e-01
1.143361810398080713e+00
3.489104132402969793e-01
1.204155341128159362e+00
1.184107134107708958e+00
4.169382564436896477e-01
2.940754803379472260e-01
1.350306937688834141e+00
2.940260212967193976e-01
4.236815287965206567e-01
1.318742071396677096e+00
6.293664806482412999e-01
1.093354521700406812e+00
1.339443690294003897e+00
3.675674012158797188e-01
8.886027215344391994e-01
1.241839786266248691e+00
1.133333814582588861e+00
1.173616457806103019e+00
1.207711827328433518e+00
6.883459337793405020e-01
1.234931127491477820e+00
1.089977212657745165e+00
7.603277153692298285e-01
1.398762052164984615e+00
3.564326994222316580e-01
7.505803284297025701e-01
4.057400033809165363e-01
6.938826350726318148e-01
1.117381078585241827e+00
6.829228269620172265e-01
7.174188045984645212e-01
1.321707109757530363e+00
7.214844478985736886e-01
4.635745957323297306e-01
1.405313836872105426e+00
1.566009652564510635e-01
1.248924719384853166e+00
3.926440084150793486e-01
3.684634793851637724e-01
4.009199787331720333e-01
5.853371230648979351e-01
9.784271369908297267e-01
1.536891311657709314e-01
3.718737498540822806e-01
3.056993427065611280e-01
3.958952641889552648e-01
1.023353835772889964e+00
6.898531724358241135e-01
2.945439693525467861e-01
1.095965646057534437e+00
5.229822789916153125e-01
3.758762364850755100e-01
4.743468926569985866e-01
3.921289701394050642e-01
6.877547051645273024e-01
9.353147842916340604e-01
1.891672389766611562e-01
1.416453491086889782e+00
4.180356760387370918e-01
4.056897255803822988e-01
1.074398056472914753e+00
1.183900366476654309e+00
3.904961620972790537e-01
8.678014274009809847e-01
1.311824644466573098e+00
1.283849193862648175e+00
3.025252499120363314e-01
6.357426646651815894e-01
3.604454727356930510e-01
6.978699663835339351e-01
6.359273531972766680e-01
4.385425919198123190e-01
2.958667263992872942e-01
6.562868991555239617e-01
7.525060770641579522e-01
1.263731074436380553e+00
6.904936116387105915e-01
3.682999331744334914e-01
1.031043851220584173e+00
2.968442641083285372e-01
9.223427713897766056e-01
6.502335240122190108e-01
4.273474888542024286e-01
3.873606094431881752e-01
6.294705540936856858e-01
3.848120458357994211e-01
1.199096059769777289e+00
1.315629637371165561e+00
1.229037893660411829e+00
3.523912586376547473e-01
1.010373444697098222e+00
1.052451880566356524e+00
1.300805595006242044e+00
3.770232807219381366e-01
6.937131133829720353e-01
9.767212383905492512e-01
1.311292495109761314e+00
3.867758152871715871e-01
3.718312495640732074e-01
2.189487655760687934e-01
7.460567779629816432e-01
4.120288900322673920e-01
1.197077370636350224e+00
7.602962785531973688e-01
1.182329644442095207e+00
1.408740011979833451e+00
4.383643513323046137e-01
3.866641242956789792e-01
4.199375018918055646e-01
3.887882961347322586e-01
3.073074299730618186e-01
1.043847239106205693e+00
1.191162240425205132e+00
1.437081661147346923e-01
5.465807409519365390e-01
7.026337552007068110e-01
1.279122102418006834e+00
1.290335724674067874e+00
1.080784924088884713e+00
5.441764672123691193e-01
1.109008000385806936e+00
5.924129105418554087e-01
1.134324986655854905e+00
4.079369214121895126e-01
1.356140990450437345e+00
8.586756910051772662e-01
7.844714302960229535e-01
9.442042131767647284e-01
6.173736022406307589e-01
1.280620885596002845e+00
3.931359976861730221e-01
1.380506821694276409e+00
4.140602618764355758e-01
4.596793651299895811e-01
3.472581162432603064e-01
3.801041363263074624e-01
2.843191360621101227e-01
3.007802937815204358e-01
4.889865634501958658e-01
1.114334571230940929e+00
1.311291611091421228e+00
3.906739562978153724e-01
1.252449833417001779e+00
4.542751440959794662e-01
9.471154773872694221e-01
9.486994744588870265e-01
1.310444121099840320e+00
8.524639415563207701e-01
1.876526127067552618e-01
1.322227678508385962e+00
3.786249683924722276e-01
9.549797030590635449e-01
1.105004625172899990e+00
4.342588372305450362e-01
4.227874539869391213e-01
3.862169358286716148e-01
4.187728607619856658e-01
3.576954076669776050e-01
1.394958174576436782e+00
2.448951522955036819e-01
3.646640095841449103e-01
1.396289188539946435e+00
1.406114508332420909e+00
5.351930518369303336e-01
6.794665904675637469e-01
4.511817514387494454e-01
3.865344795249009424e-01
3.693254809369723723e-01
1.245558812769765877e+00
4.719410857553791305e-01
8.679481306882484981e-01
2.832989940197346290e-01
7.124328560042972880e-01
2.949393973216272169e-01
9.359475648012349769e-01
1.361426819981178316e+00
3.973400661093974828e-01
3.575215285625709671e-01
2.812361641028375270e-01
5.195172622857511247e-01
3.168919256864120015e-01
2.919566849730574343e-01
6.653650964533627254e-01
1.358037227289759397e+00
6.843838726987309107e-01
3.970676900562722933e-01
3.732283298085048440e-01
4.690362220924621517e-01
9.676698278005583242e-01
1.082840910189950545e+00
1.364593994565926671e+00
3.618397154311656649e-01
2.996648869043071484e-01
3.854007351241827695e-01
1.434195770680226356e-01
6.859824332172039796e-01
6.895147521892458498e-01
4.810905956048213139e-01
3.833476065753778639e-01
8.611204661175653197e-01
1.385763952950880284e+00
4.001842896847994102e-01
1.103694228048017756e+00
3.820124489782586452e-01
2.911688888285968724e-01
1.326439520576111919e+00
1.188009581406740622e+00
1.369858576411544515e+00
1.092625595152348694e+00
1.351414216028119952e+00
6.770132714651621031e-01
4.048512877620510930e-01
9.553245214217144232e-01
9.444823170682100644e-01
6.842970608892754436e-01
1.298158738902120524e+00
2.856411286504547675e-01
6.848233801956866706e-01
1.362170831322935038e+00
3.652528391666479690e-01
8.400289746765596810e-01
2.277982151429180646e-01
6.149378810639445359e-01
1.017764904695043660e+00
2.104265855933760143e-01
4.825875233338829950e-01
1.357791752357696113e+00
9.372266809797894505e-01
2.842059762266058165e-01
3.872235386744741215e-01
8.442988434588999391e-01
4.892977020087640461e-01
3.111610131607333019e-01
1.358305868952115247e+00
6.659512045266505753e-01
5.035481380224600123e-01
3.050239561632526186e-01
1.344644913473692416e+00
1.112434059687086307e+00
2.982808772714637957e-01
9.407074789705761608e-01
1.068876842721157683e+00
7.049722400089222241e-01
1.231990531482216156e+00
3.587592721575010857e-01
1.338400832568336751e+00
4.420747942469718805e-01
1.221077277077559753e+00
1.227671702790012809e+00
1.354296030892118585e+00
1.208301647059555561e+00
4.737977184852721346e-01
9.462559264747920640e-01
5.612500622398819417e-01
3.555297687648185101e-01
3.854355917786334018e-01
3.923079403877803295e-01
7.108007573655238387e-01
4.224871042076989158e-01
3.030850080794106893e-01
6.526903290623652376e-01
1.192317935805858653e+00
1.366473772306827872e+00
2.084305834852166195e-01
1.217418212833037972e+00
6.418424020761639426e-01
4.193846871588793324e-01
3.930303871662158000e-01
1.313526786485230247e+00
5.320585640226368485e-01
4.335652552874845744e-01
1.215339810097924023e+00
9.609121931740951528e-01
7.542695733553932413e-01
4.371573191244239598e-01
3.120001178199695580e-01
2.243657403968676023e-01
1.307791277910733241e+00
1.326265670096183236e+00
2.892909266186307615e-01
1.287444110994249824e+00
2.922766981536595865e-01
7.179010792284075126e-01
1.073899585170233095e+00
3.546539682398411331e-01
2.982061534745542031e-01
1.253164540328339349e+00
1.230339063413554923e+00
6.724427611430595642e-01
1.322367908321989471e+00
1.395418582726712931e+00
1.093108090149156775e+00
1.183681993615556927e+00
1.097956284284883788e+00
3.565112439059806015e-01
5.230098983552707859e-01
1.307096659582026366e+00
3.777677973459077077e-01
2.285162370160230272e-01
4.051594789930840768e-01
6.541652463832602349e-01
6.875002330449485610e-01
8.528411515495417650e-01
6.261596115815858399e-01
7.212253428056819571e-01
6.450293902392195688e-01
5.633352758584101450e-01
6.458533677707939402e-01
2.923000993171553374e-01
1.316851713016335967e+00
5.090474236843995914e-01
1.257798094905229869e+00
6.368713266983446752e-01
1.341232264370243010e+00
6.440940740736624814e-01
3.616831220664318836e-01
7.081779668244018167e-01
4.203621332307362901e-01
1.239272483232944477e+00
5.265411940270015023e-01
1.307797871225956587e+00
3.841692943207873356e-01
1.102481065156935003e+00
4.478665553241723551e-01
2.304418887030389718e-01
1.376251714456608211e+00
9.190735828892537818e-01
1.323577970785194236e+00
6.574512702998638325e-01
3.713714739713098179e-01
4.005930333204096860e-01
1.188156791177430005e+00
1.289083862901871713e+00
4.497729193290080363e-01
6.041422394406087415e-01
6.790278175145472161e-01
1.387003618866557764e+00
2.406775190250295959e-01
3.871562380951540372e-01
1.227838023653102573e+00
3.916209352920014819e-01
3.627832306655105477e-01
9.733264382888766608e-01
6.736830952489033519e-01
1.297721153105143355e+00
3.136340608296691035e-01
7.365428042073991488e-01
6.194485716696742639e-01
1.278539718238885348e+00
9.250100594100223450e-01
8.553349926361321076e-01
7.066164062847645200e-01
9.181946165071053212e-01
1.325135047462202342e+00
4.023185783886764066e-01
2.215692111569514955e-01
6.269020308824606591e-01
3.028079727944231192e-01
2.810348050512359586e-01
3.658344284204039787e-01
5.756266388262440969e-01
1.104130488583344505e+00
3.640540970311792468e-01
6.551932229958640219e-01
3.794211590127379852e-01
1.108244900061181815e+00
5.615117707566396055e-01
6.814773965602443084e-01
9.379778058356784687e-01
3.845922502748145844e-01
4.668574106672103152e-01
1.334948389118822965e+00
5.218815513835868281e-01
7.133978688523905376e-01
4.283871902505052565e-01
3.039113595274073321e-01
5.161581412053868334e-01
1.329835582479017120e+00
1.091219139042370001e+00
6.783234975661823762e-01
5.305794596356003812e-01
3.691594886004036513e-01
7.012568216633063845e-01
3.840041708874930015e-01
6.994491469541882500e-01
1.338594104745809865e+00
3.899690576633167982e-01
2.929904454608844855e-01
3.900323423139458456e-01
1.845300493365825689e-01
4.873900676598241222e-01
3.728539708648392903e-01
4.007952057631963272e-01
6.856411407113933709e-01
1.095539663119674767e+00
4.780329247433889317e-01
3.738471084276675516e-01
1.386390738094755548e+00
6.243402773237959336e-01
4.222474409874533152e-01
2.937888734708354876e-01
6.501422118772467451e-01
6.490911229711269215e-01
2.958607923114121574e-01
7.575963601646777956e-01
4.140549289497524321e-01
6.594746347585016544e-01
1.204746971438534819e+00
7.410330342283847349e-01
1.182086960106089490e+00
1.140520759730155653e+00
7.065567565855449539e-01
7.189707741439529398e-01
4.866293295915457562e-01
1.218678269305106143e+00
3.650090273932992124e-01
3.893673634539581707e-01
9.638233268191330749e-01
1.253254202391214545e+00
1.273219067569073992e+00
3.792733378941563482e-01
4.011013199421399333e-01
6.555862236462032255e-01
6.780211993903043632e-01
6.354447946523201773e-01
1.355649936753023477e+00
2.956961461899471066e-01
1.591067698424930288e-01
7.103571698270452206e-01
3.704566168048474273e-01
9.345355711957888944e-01
4.012223585471164644e-01
6.187141262983839596e-01
1.288782048372778766e+00
9.285534227788005968e-01
1.102767606136985767e+00
1.266415296790712297e+00
1.278367277066197572e+00
3.733452960708660839e-01
1.328500463916316710e+00
1.755593669630309828e-01
5.695523825964704523e-01
2.305452100894360423e-01
7.058356922877283557e-01
1.159338532364745378e+00
2.858251148641063333e-01
1.061644835848258417e+00
4.403482801311905392e-01
1.344824820287557010e+00
7.033061882021571787e-01
3.611212886514534315e-01
4.778203056163929929e-01
4.124273688235862712e-01
5.518574437782182152e-01
3.774162818055399882e-01
1.282536449557530212e+00
1.188641923187518046e+00
2.014359462993310090e-01
4.486818102441721412e-01
1.103722168413021620e+00
1.294886624722579871e+00
1.378297804071072719e+00
4.464270904551149721e-01
9.699843358319911735e-01
3.071840893249660476e-01
9.322941685240724308e-01
6.923191052071961948e-01
1.197483148807313658e+00
6.924715507566278072e-01
2.858475565797233275e-01
3.804619827612160665e-01
2.915364916911281634e-01
6.859732395820653528e-01
1.260091592233849145e+00
1.340667736608587512e+00
6.516352484661654954e-01
5.699799956687605640e-01
4.405304758754424177e-01
2.934685066469667758e-01
1.303120930297266611e+00
3.659484922767275439e-01
3.492410881077884777e-01
4.877036135942801609e-01
1.376277305867142919e+00
4.623181658299804764e-01
1.324622109428408967e+00
1.228127326607577396e+00
1.308365068066580594e+00
9.262176542507636334e-01
3.681584042918215061e-01
9.178217607344743012e-01
3.883276119381471325e-01
3.120015250148822084e-01
1.413085522154758245e+00
1.258566860475488047e+00
9.624989390881484308e-01
9.405269494033028366e-01
3.627678999689386563e-01
3.698917454316817954e-01
1.266346128247651803e+00
1.422403752973325330e+00
1.298799289601991980e+00
7.482412527150408277e-01
9.468670175815544487e-01
4.017817041572743220e-01
4.724376229771046209e-01
3.166903997658327974e-01
6.514542835423422495e-01
1.343487461887637568e+00
2.792556527252042509e-01
1.358982737917840966e+00
1.296994291960948731e+00
1.241015787098455059e+00
6.744200637222892425e-01
4.370797435668573039e-01
9.472028440920864378e-01
2.907778041030102956e-01
7.011447066693013985e-01
2.393177972424419264e-01
6.863818905608600751e-01
3.714103786310151145e-01
7.541811431063002447e-01
1.324472169273876121e+00
4.246400148345784720e-01
1.951393371393040088e-01
3.738299242405052070e-01
1.181759116920599650e+00
1.099024976491633776e+00
9.495959261981528066e-01
3.930770516197287789e-01
7.183179782546373904e-01
9.595139576574147622e-01
1.319779654501629595e+00
1.422946881507761274e+00
4.678061555438659536e-01
1.082902029573625802e+00
9.517114962445655246e-01
8.039425779140155770e-01
9.420821407733821484e-01
1.302913293891024837e+00
7.160167016696259434e-01
3.864831676674816974e-01
1.295096450278974132e+00
3.721068638828456399e-01
1.206613241991143726e+00
3.795611374045508857e-01
9.213626732967441502e-01
7.037700228727411522e-01
5.422298731576294939e-01
4.057437694330531253e-01
1.283464918017854783e+00
4.975492136029088242e-01
7.201143913957950282e-01
1.288663197415400585e+00
7.561894693562324354e-01
7.055898408003228317e-01
1.157728263753181386e+00
1.601626051465736833e-01
1.181606877086688101e+00
4.019369689544383673e-01
7.322831342990363535e-01
3.854249301705685582e-01
1.403431372849230696e+00
3.671002799140590800e-01
3.724479013583301690e-01
6.405638366396333439e-01
4.600175687651993917e-01
3.708235459143458534e-01
4.471575014759268107e-01
6.515239788105525731e-01
4.348040408070494856e-01
1.273521885338245285e+00
1.348892203671433254e+00
1.200661217598674391e+00
5.331959774557588627e-01
6.670558999629878638e-01
6.823232157429797162e-01
1.297091178783059462e+00
1.893772573561588457e-01
1.359693096908182852e+00
3.744555377812622265e-01
1.250090783925245530e+00
2.949309959589976327e-01
2.126115070659121142e-01
3.539117742328704019e-01
1.275996065678919100e+00
5.046658442287520474e-01
2.894571617971853916e-01
6.488521623736879240e-01
9.314931921340710019e-01
3.726943871950906817e-01
4.605739085350706863e-01
3.178771730532116702e-01
2.919805927554932068e-01
2.411928367309693344e-01
3.877741091345024982e-01
7.031045667406902178e-01
9.760098486181928434e-01
7.147064983618172107e-01
6.902026938449846716e-01
1.179902111773159623e+00
6.822862326225378471e-01
1.353673118001859965e+00
9.354798141288598323e-01
2.930583877758702327e-01
3.720369493448471010e-01
3.043509304954943318e-01
7.090261284963268462e-01
3.972442358771541282e-01
1.302767086560020271e+00
4.281896320700130376e-01
1.197492577733312302e+00
4.735249373973187681e-01
9.499500389923061228e-01
9.570504402987495274e-01
1.542264133435892748e-01
3.755949273530718724e-01
5.071128573366615599e-01
1.104777127612124099e+00
1.304964330061138877e+00
3.713248751071290821e-01
7.113660356203843627e-01
1.232070085189219011e+00
3.694441364312722742e-01
1.396247499778959344e+00
7.698876735656020598e-01
3.770009334315732596e-01
3.738742097181286250e-01
6.631776741971018296e-01
1.227272686804806723e+00
6.869358095809724452e-01
2.900663177510279800e-01
8.307970830334973078e-01
3.747716806112966204e-01
3.819822655390131549e-01
1.369450987032128753e+00
1.238018158618326980e+00
1.376574083050467134e+00
6.494707481406596372e-01
3.597864959189897016e-01
1.236892197884895017e+00
3.786460427234431547e-01
3.858776050706284044e-01
3.038652124847975866e-01
1.198664153429796153e+00
1.182850190929709111e+00
6.716202969687068425e-01
1.367239901128843638e+00
9.421431023180109054e-01
6.768748648598459372e-01
