0.000000000000000000e+00
0.000000000000000000e+00
0.000000000000000000e+00
8.036852021479442556e+03
0.000000000000000000e+00
0.000000000000000000e+00
1.446192360088084570e+02
0.000000000000000000e+00
0.000000000000000000e+00
0.000000000000000000e+00
0.000000000000000000e+00
3.038041440230427543e+04
0.000000000000000000e+00
2.941359191123849996e+03
0.000000000000000000e+00
0.000000000000000000e+00
1.422031436167692300e+05
0.000000000000000000e+00
0.000000000000000000e+00
4.776572063284182150e+03
1.566438135635644926e+02
0.000000000000000000e+00
0.000000000000000000e+00
4.070064256283060899e+02
5.840653621193576228e+00
0.000000000000000000e+00
0.000000000000000000e+00
0.000000000000000000e+00
0.000000000000000000e+00
3.368603365386629775e+02
0.000000000000000000e+00
0.000000000000000000e+00
5.438662072864002539e+02
1.739961720261583423e+03
0.000000000000000000e+00
0.000000000000000000e+00
0.000000000000000000e+00
1.271059153249571136e+04
5.273205348332933085e+01
0.000000000000000000e+00
6.108316332543814724e+02
0.000000000000000000e+00
0.000000000000000000e+00
0.000000000000000000e+00
0.000000000000000000e+00
0.000000000000000000e+00
0.000000000000000000e+00
2.259845362883890630e+03
0.000000000000000000e+00
0.000000000000000000e+00
0.000000000000000000e+00
3.315878895897794337e+03
0.000000000000000000e+00
0.000000000000000000e+00
1.903245415000901176e+03
0.000000000000000000e+00
2.670327118549333250e+02
7.715144832992874058e+01
0.000000000000000000e+00
2.080819766085205629e+03
0.000000000000000000e+00
2.346066579924308826e+01
0.000000000000000000e+00
5.613819542236414236e+03
0.000000000000000000e+00
2.225509690763579783e+03
1.087421300811607807e+03
0.000000000000000000e+00
0.000000000000000000e+00
0.000000000000000000e+00
1.190776003557694054e+02
0.000000000000000000e+00
0.000000000000000000e+00
1.571259889312850419e+03
0.000000000000000000e+00
0.000000000000000000e+00
1.323956956662654250e+01
0.000000000000000000e+00
0.000000000000000000e+00
0.000000000000000000e+00
0.000000000000000000e+00
0.000000000000000000e+00
0.000000000000000000e+00
0.000000000000000000e+00
0.000000000000000000e+00
0.000000000000000000e+00
0.000000000000000000e+00
0.000000000000000000e+00
0.000000000000000000e+00
0.000000000000000000e+00
0.000000000000000000e+00
6.567638687005662668e+00
2.104830822794380651e+02
2.014560451739261625e+05
0.000000000000000000e+00
0.000000000000000000e+00
0.000000000000000000e+00
0.000000000000000000e+00
0.000000000000000000e+00
0.000000000000000000e+00
0.000000000000000000e+00
0.000000000000000000e+00
4.717738743196903783e+02
0.000000000000000000e+00
0.000000000000000000e+00
0.000000000000000000e+00
0.000000000000000000e+00
1.020433393348830396e+04
0.000000000000000000e+00
0.000000000000000000e+00
0.000000000000000000e+00
0.000000000000000000e+00
0.000000000000000000e+00
0.000000000000000000e+00
0.000000000000000000e+00
1.500151013081116434e+04
0.000000000000000000e+00
0.000000000000000000e+00
0.000000000000000000e+00
3.905900300131036147e+02
1.212453822916183128e+02
5.090709886772520986e+04
0.000000000000000000e+00
0.000000000000000000e+00
0.000000000000000000e+00
2.201055125067920017e+03
0.000000000000000000e+00
0.000000000000000000e+00
8.718691330148450334e+02
0.000000000000000000e+00
0.000000000000000000e+00
0.000000000000000000e+00
0.000000000000000000e+00
0.000000000000000000e+00
2.369547238340993863e+04
1.684220288682477076e+02
0.000000000000000000e+00
0.000000000000000000e+00
0.000000000000000000e+00
3.562150084704736628e+02
9.441675681336701018e+02
0.000000000000000000e+00
0.000000000000000000e+00
0.000000000000000000e+00
2.779757815174091320e+03
0.000000000000000000e+00
0.000000000000000000e+00
0.000000000000000000e+00
0.000000000000000000e+00
0.000000000000000000e+00
0.000000000000000000e+00
0.000000000000000000e+00
0.000000000000000000e+00
0.000000000000000000e+00
0.000000000000000000e+00
0.000000000000000000e+00
0.000000000000000000e+00
0.000000000000000000e+00
0.000000000000000000e+00
0.000000000000000000e+00
0.000000000000000000e+00
0.000000000000000000e+00
0.000000000000000000e+00
0.000000000000000000e+00
0.000000000000000000e+00
2.734301575437481915e+03
4.756803876841893270e+02
0.000000000000000000e+00
0.000000000000000000e+00
5.285302308339733281e+04
0.000000000000000000e+00
1.449563704400247666e+01
0.000000000000000000e+00
0.000000000000000000e+00
0.000000000000000000e+00
0.000000000000000000e+00
3.538876515622351235e+03
0.000000000000000000e+00
8.090259249265386643e+03
0.000000000000000000e+00
3.925221738531892697e+03
1.335041466187443257e+04
0.000000000000000000e+00
0.000000000000000000e+00
0.000000000000000000e+00
0.000000000000000000e+00
2.111910638331709197e+04
0.000000000000000000e+00
1.529144073485822219e+03
7.659802701379938981e+02
0.000000000000000000e+00
0.000000000000000000e+00
0.000000000000000000e+00
0.000000000000000000e+00
0.000000000000000000e+00
0.000000000000000000e+00
0.000000000000000000e+00
0.000000000000000000e+00
0.000000000000000000e+00
0.000000000000000000e+00
0.000000000000000000e+00
0.000000000000000000e+00
0.000000000000000000e+00
0.000000000000000000e+00
0.000000000000000000e+00
0.000000000000000000e+00
9.354899139008015254e+02
0.000000000000000000e+00
4.823880723525237954e+03
1.039807985827813184e+02
0.000000000000000000e+00
2.445157515748815058e+03
0.000000000000000000e+00
0.000000000000000000e+00
0.000000000000000000e+00
0.000000000000000000e+00
0.000000000000000000e+00
0.000000000000000000e+00
3.360477650072876713e+04
8.371675290717399548e+03
9.520127746175543507e+03
0.000000000000000000e+00
2.217285042933509942e+02
1.718502724210571978e+04
0.000000000000000000e+00
0.000000000000000000e+00
0.000000000000000000e+00
1.478920493184760154e+01
3.770420087828010764e+03
0.000000000000000000e+00
1.034462907800645326e+03
3.107753371458864535e+02
0.000000000000000000e+00
0.000000000000000000e+00
0.000000000000000000e+00
0.000000000000000000e+00
0.000000000000000000e+00
0.000000000000000000e+00
7.282462538738025614e+03
0.000000000000000000e+00
2.130668028197258536e+03
0.000000000000000000e+00
0.000000000000000000e+00
7.029535685297124473e+03
7.213304088552740723e+03
0.000000000000000000e+00
0.000000000000000000e+00
0.000000000000000000e+00
0.000000000000000000e+00
8.987482337642839525e+01
0.000000000000000000e+00
5.588535811614401183e+01
0.000000000000000000e+00
0.000000000000000000e+00
0.000000000000000000e+00
0.000000000000000000e+00
0.000000000000000000e+00
0.000000000000000000e+00
0.000000000000000000e+00
0.000000000000000000e+00
0.000000000000000000e+00
0.000000000000000000e+00
0.000000000000000000e+00
0.000000000000000000e+00
0.000000000000000000e+00
1.452330429555035440e+00
0.000000000000000000e+00
0.000000000000000000e+00
6.948774922305832661e+03
0.000000000000000000e+00
9.241253013942136022e+03
0.000000000000000000e+00
3.760409602995454748e+02
0.000000000000000000e+00
2.174887495518958895e+04
0.000000000000000000e+00
0.000000000000000000e+00
0.000000000000000000e+00
0.000000000000000000e+00
0.000000000000000000e+00
0.000000000000000000e+00
0.000000000000000000e+00
0.000000000000000000e+00
7.793766457827032923e+01
0.000000000000000000e+00
0.000000000000000000e+00
0.000000000000000000e+00
0.000000000000000000e+00
1.397088485477987160e+04
0.000000000000000000e+00
0.000000000000000000e+00
1.428638434686590881e+04
1.807387791500553078e+02
7.011415648816975477e+01
0.000000000000000000e+00
0.000000000000000000e+00
7.340543321708621988e+03
1.250980448782467533e+02
0.000000000000000000e+00
0.000000000000000000e+00
3.744473093737739191e+02
0.000000000000000000e+00
0.000000000000000000e+00
0.000000000000000000e+00
0.000000000000000000e+00
0.000000000000000000e+00
0.000000000000000000e+00
3.993789945001307728e+02
0.000000000000000000e+00
0.000000000000000000e+00
0.000000000000000000e+00
0.000000000000000000e+00
3.335019436874259924e+01
8.899878050882562093e+02
0.000000000000000000e+00
0.000000000000000000e+00
0.000000000000000000e+00
5.756954722399466391e+02
0.000000000000000000e+00
0.000000000000000000e+00
0.000000000000000000e+00
0.000000000000000000e+00
9.793148177231357465e+01
0.000000000000000000e+00
0.000000000000000000e+00
0.000000000000000000e+00
0.000000000000000000e+00
6.312434354337564173e+02
9.042627503843582417e+02
0.000000000000000000e+00
2.028518996547770334e-02
0.000000000000000000e+00
0.000000000000000000e+00
0.000000000000000000e+00
0.000000000000000000e+00
0.000000000000000000e+00
0.000000000000000000e+00
0.000000000000000000e+00
0.000000000000000000e+00
0.000000000000000000e+00
0.000000000000000000e+00
0.000000000000000000e+00
0.000000000000000000e+00
6.231091350663843009e+00
0.000000000000000000e+00
1.126537572353692667e+03
5.394765554121996729e+02
0.000000000000000000e+00
0.000000000000000000e+00
0.000000000000000000e+00
0.000000000000000000e+00
8.402246783705091957e+02
0.000000000000000000e+00
0.000000000000000000e+00
1.077927837857053532e+02
2.374396444894465094e+04
0.000000000000000000e+00
0.000000000000000000e+00
1.081827631814769347e+03
0.000000000000000000e+00
0.000000000000000000e+00
0.000000000000000000e+00
0.000000000000000000e+00
0.000000000000000000e+00
1.183913764647805465e+03
0.000000000000000000e+00
0.000000000000000000e+00
0.000000000000000000e+00
0.000000000000000000e+00
0.000000000000000000e+00
0.000000000000000000e+00
0.000000000000000000e+00
0.000000000000000000e+00
0.000000000000000000e+00
3.384941217011034041e+03
0.000000000000000000e+00
0.000000000000000000e+00
0.000000000000000000e+00
0.000000000000000000e+00
0.000000000000000000e+00
0.000000000000000000e+00
0.000000000000000000e+00
6.139290845564140398e+01
4.094768867792349738e+02
0.000000000000000000e+00
0.000000000000000000e+00
0.000000000000000000e+00
0.000000000000000000e+00
4.209346573573993373e+04
2.188536961350172987e+03
4.296095738374885968e+02
0.000000000000000000e+00
0.000000000000000000e+00
0.000000000000000000e+00
2.450505593441928795e+03
2.996368655769784368e+02
3.098906030046508775e+01
0.000000000000000000e+00
0.000000000000000000e+00
0.000000000000000000e+00
0.000000000000000000e+00
0.000000000000000000e+00
0.000000000000000000e+00
4.177965808911921158e+03
0.000000000000000000e+00
0.000000000000000000e+00
8.196021868036759770e+03
0.000000000000000000e+00
8.847427430017012284e+02
0.000000000000000000e+00
0.000000000000000000e+00
0.000000000000000000e+00
3.782105712728789513e+03
0.000000000000000000e+00
0.000000000000000000e+00
0.000000000000000000e+00
1.206726717949625936e+03
0.000000000000000000e+00
0.000000000000000000e+00
0.000000000000000000e+00
2.292974473823370829e+01
2.941932066050397907e+02
8.665943951094802742e+02
0.000000000000000000e+00
0.000000000000000000e+00
0.000000000000000000e+00
1.653726708864216377e+01
9.448039815061583795e+03
9.816573777363334585e+00
8.114123960908364097e+03
0.000000000000000000e+00
0.000000000000000000e+00
0.000000000000000000e+00
1.279209098150962564e+04
1.153697581244654913e+02
1.656091190754521449e+04
0.000000000000000000e+00
0.000000000000000000e+00
0.000000000000000000e+00
4.291818063550057332e+02
6.639188203661700527e+01
3.939815056768291246e+00
0.000000000000000000e+00
1.316879183385852230e+04
0.000000000000000000e+00
0.000000000000000000e+00
0.000000000000000000e+00
0.000000000000000000e+00
0.000000000000000000e+00
1.419476438677776969e+03
0.000000000000000000e+00
0.000000000000000000e+00
0.000000000000000000e+00
0.000000000000000000e+00
0.000000000000000000e+00
0.000000000000000000e+00
4.023086917899427704e+02
0.000000000000000000e+00
0.000000000000000000e+00
0.000000000000000000e+00
4.698258001305688936e+02
4.452033107516745858e+00
0.000000000000000000e+00
1.954392686444966239e+04
4.843255032771115509e+01
0.000000000000000000e+00
0.000000000000000000e+00
0.000000000000000000e+00
0.000000000000000000e+00
2.049696977550619704e+04
0.000000000000000000e+00
0.000000000000000000e+00
0.000000000000000000e+00
2.030803730897748380e+02
0.000000000000000000e+00
0.000000000000000000e+00
1.376406804373602455e+01
0.000000000000000000e+00
1.113668689389178752e+02
0.000000000000000000e+00
0.000000000000000000e+00
0.000000000000000000e+00
2.499964836740108240e+03
0.000000000000000000e+00
9.859884186703446176e+03
0.000000000000000000e+00
5.329232119515140766e+03
2.191661733567787087e+04
7.945908739124915598e+01
0.000000000000000000e+00
0.000000000000000000e+00
0.000000000000000000e+00
0.000000000000000000e+00
4.300727919512687549e+02
0.000000000000000000e+00
0.000000000000000000e+00
0.000000000000000000e+00
4.113510974717593527e+00
0.000000000000000000e+00
0.000000000000000000e+00
0.000000000000000000e+00
0.000000000000000000e+00
0.000000000000000000e+00
4.832336646382789240e+02
1.045740268086547303e+03
0.000000000000000000e+00
0.000000000000000000e+00
0.000000000000000000e+00
0.000000000000000000e+00
0.000000000000000000e+00
0.000000000000000000e+00
0.000000000000000000e+00
0.000000000000000000e+00
2.318003325826168748e+03
0.000000000000000000e+00
0.000000000000000000e+00
0.000000000000000000e+00
0.000000000000000000e+00
0.000000000000000000e+00
3.241294655321463125e+01
0.000000000000000000e+00
2.746970875526603049e+04
0.000000000000000000e+00
9.279513840884366800e+03
0.000000000000000000e+00
0.000000000000000000e+00
0.000000000000000000e+00
0.000000000000000000e+00
0.000000000000000000e+00
0.000000000000000000e+00
0.000000000000000000e+00
2.508574229639949408e+03
0.000000000000000000e+00
0.000000000000000000e+00
0.000000000000000000e+00
6.591808769674965333e+03
1.309069431612783546e+03
2.033413112768062661e+02
0.000000000000000000e+00
0.000000000000000000e+00
0.000000000000000000e+00
1.554724458006053283e+04
2.618157069144398065e+03
0.000000000000000000e+00
2.220946873887915281e+05
0.000000000000000000e+00
0.000000000000000000e+00
0.000000000000000000e+00
0.000000000000000000e+00
0.000000000000000000e+00
0.000000000000000000e+00
1.946903392586209065e+03
0.000000000000000000e+00
3.477008505038055546e+02
0.000000000000000000e+00
0.000000000000000000e+00
0.000000000000000000e+00
0.000000000000000000e+00
0.000000000000000000e+00
0.000000000000000000e+00
0.000000000000000000e+00
9.280305637932609386e+01
0.000000000000000000e+00
0.000000000000000000e+00
0.000000000000000000e+00
0.000000000000000000e+00
2.253941505907417013e+04
0.000000000000000000e+00
0.000000000000000000e+00
8.206220324761090524e+03
2.490367693679238670e+01
0.000000000000000000e+00
0.000000000000000000e+00
1.931931354308196597e-02
0.000000000000000000e+00
0.000000000000000000e+00
0.000000000000000000e+00
0.000000000000000000e+00
0.000000000000000000e+00
1.231924971703138681e+03
6.939220970640209885e+01
0.000000000000000000e+00
2.640257290655920883e+02
0.000000000000000000e+00
0.000000000000000000e+00
3.719655964892097472e+03
0.000000000000000000e+00
0.000000000000000000e+00
0.000000000000000000e+00
2.564670004376735506e+03
0.000000000000000000e+00
3.864282525425248860e+00
0.000000000000000000e+00
0.000000000000000000e+00
0.000000000000000000e+00
0.000000000000000000e+00
0.000000000000000000e+00
0.000000000000000000e+00
0.000000000000000000e+00
0.000000000000000000e+00
0.000000000000000000e+00
1.099054841054049803e+03
0.000000000000000000e+00
3.529743803563268756e+01
0.000000000000000000e+00
2.532089749791119539e+04
4.698187568411176471e+03
0.000000000000000000e+00
9.647770099615040635e+02
2.400527425404869973e+03
0.000000000000000000e+00
0.000000000000000000e+00
0.000000000000000000e+00
0.000000000000000000e+00
0.000000000000000000e+00
0.000000000000000000e+00
1.818102299539972591e+04
0.000000000000000000e+00
0.000000000000000000e+00
0.000000000000000000e+00
1.274334261184532807e+03
0.000000000000000000e+00
0.000000000000000000e+00
3.217944743816083246e+02
0.000000000000000000e+00
1.197251511904674317e+03
3.563267428731549444e+03
0.000000000000000000e+00
0.000000000000000000e+00
0.000000000000000000e+00
0.000000000000000000e+00
0.000000000000000000e+00
0.000000000000000000e+00
0.000000000000000000e+00
6.701164509446722514e+04
0.000000000000000000e+00
0.000000000000000000e+00
0.000000000000000000e+00
3.363385353244311204e+01
0.000000000000000000e+00
0.000000000000000000e+00
0.000000000000000000e+00
0.000000000000000000e+00
0.000000000000000000e+00
0.000000000000000000e+00
0.000000000000000000e+00
0.000000000000000000e+00
2.867913851657672694e+03
1.408289841002292633e+04
1.482140334446925408e+03
0.000000000000000000e+00
0.000000000000000000e+00
0.000000000000000000e+00
0.000000000000000000e+00
0.000000000000000000e+00
0.000000000000000000e+00
7.086111127783301811e+01
0.000000000000000000e+00
2.239478023870043035e+04
0.000000000000000000e+00
3.204557244730490766e+03
0.000000000000000000e+00
0.000000000000000000e+00
0.000000000000000000e+00
0.000000000000000000e+00
0.000000000000000000e+00
0.000000000000000000e+00
9.155122240699677150e+01
0.000000000000000000e+00
0.000000000000000000e+00
0.000000000000000000e+00
7.585991416253908938e+03
0.000000000000000000e+00
2.629950101022417584e+03
0.000000000000000000e+00
0.000000000000000000e+00
0.000000000000000000e+00
0.000000000000000000e+00
0.000000000000000000e+00
1.123154420625949388e+04
0.000000000000000000e+00
0.000000000000000000e+00
0.000000000000000000e+00
3.903075685914858695e+03
7.287149845286767231e+03
0.000000000000000000e+00
0.000000000000000000e+00
0.000000000000000000e+00
0.000000000000000000e+00
0.000000000000000000e+00
1.886114921039014689e+03
1.221098843558557746e+03
0.000000000000000000e+00
0.000000000000000000e+00
0.000000000000000000e+00
0.000000000000000000e+00
0.000000000000000000e+00
6.722508400325682487e+02
0.000000000000000000e+00
0.000000000000000000e+00
7.625234110757278927e+01
0.000000000000000000e+00
0.000000000000000000e+00
0.000000000000000000e+00
0.000000000000000000e+00
8.199076820684735139e+04
3.280043106043645196e+01
7.917066794325914088e+03
0.000000000000000000e+00
0.000000000000000000e+00
0.000000000000000000e+00
0.000000000000000000e+00
1.088785615833535849e+04
0.000000000000000000e+00
2.973239742805138576e+03
0.000000000000000000e+00
3.306589752997247160e+02
0.000000000000000000e+00
0.000000000000000000e+00
0.000000000000000000e+00
9.917295278511785739e+01
0.000000000000000000e+00
0.000000000000000000e+00
0.000000000000000000e+00
0.000000000000000000e+00
5.458060278509328782e+03
1.600307519662916604e+02
0.000000000000000000e+00
0.000000000000000000e+00
0.000000000000000000e+00
6.516828048010206658e+02
4.641513505589629744e+02
4.714566391959875909e+04
0.000000000000000000e+00
0.000000000000000000e+00
0.000000000000000000e+00
2.889552672787158826e+03
2.366237744945417035e+03
6.039047036240853231e+03
0.000000000000000000e+00
0.000000000000000000e+00
7.986242135112217511e+03
1.246762372836428995e+03
0.000000000000000000e+00
0.000000000000000000e+00
1.908909804685914935e+02
5.321493054798084813e+03
0.000000000000000000e+00
0.000000000000000000e+00
0.000000000000000000e+00
8.548241015997880822e+03
0.000000000000000000e+00
0.000000000000000000e+00
0.000000000000000000e+00
0.000000000000000000e+00
2.450551417040966555e+02
0.000000000000000000e+00
0.000000000000000000e+00
0.000000000000000000e+00
0.000000000000000000e+00
0.000000000000000000e+00
0.000000000000000000e+00
5.344343842722481952e+01
2.175110332143243795e+03
0.000000000000000000e+00
0.000000000000000000e+00
0.000000000000000000e+00
0.000000000000000000e+00
0.000000000000000000e+00
0.000000000000000000e+00
5.288475132322917489e+04
0.000000000000000000e+00
0.000000000000000000e+00
0.000000000000000000e+00
0.000000000000000000e+00
0.000000000000000000e+00
6.739359272721010711e+03
0.000000000000000000e+00
0.000000000000000000e+00
0.000000000000000000e+00
0.000000000000000000e+00
5.589741160005620259e+03
1.220359409592840549e+01
0.000000000000000000e+00
0.000000000000000000e+00
0.000000000000000000e+00
0.000000000000000000e+00
0.000000000000000000e+00
8.251221120026096969e+02
0.000000000000000000e+00
0.000000000000000000e+00
0.000000000000000000e+00
2.837559643683809918e+04
0.000000000000000000e+00
0.000000000000000000e+00
4.593212513277112157e+04
2.748361998495600922e+00
3.372419304448157618e+03
0.000000000000000000e+00
9.697808841550364377e+03
1.415966880207955910e+03
0.000000000000000000e+00
0.000000000000000000e+00
0.000000000000000000e+00
8.922734907584838311e+02
0.000000000000000000e+00
0.000000000000000000e+00
0.000000000000000000e+00
0.000000000000000000e+00
0.000000000000000000e+00
0.000000000000000000e+00
0.000000000000000000e+00
0.000000000000000000e+00
0.000000000000000000e+00
0.000000000000000000e+00
0.000000000000000000e+00
0.000000000000000000e+00
0.000000000000000000e+00
0.000000000000000000e+00
1.983685314783799913e+04
4.474353567017847126e+03
1.296598274104725533e+03
0.000000000000000000e+00
0.000000000000000000e+00
0.000000000000000000e+00
0.000000000000000000e+00
2.177597179431541292e+02
0.000000000000000000e+00
0.000000000000000000e+00
0.000000000000000000e+00
6.517095472644567963e+03
6.334463914123656650e+03
1.020258965692366246e+03
0.000000000000000000e+00
1.996543963836434727e+02
0.000000000000000000e+00
0.000000000000000000e+00
0.000000000000000000e+00
0.000000000000000000e+00
0.000000000000000000e+00
0.000000000000000000e+00
0.000000000000000000e+00
0.000000000000000000e+00
0.000000000000000000e+00
0.000000000000000000e+00
0.000000000000000000e+00
0.000000000000000000e+00
0.000000000000000000e+00
0.000000000000000000e+00
0.000000000000000000e+00
0.000000000000000000e+00
0.000000000000000000e+00
0.000000000000000000e+00
0.000000000000000000e+00
1.960964889373437036e+05
7.235691454407394758e+02
0.000000000000000000e+00
1.238219179128628866e+02
0.000000000000000000e+00
0.000000000000000000e+00
0.000000000000000000e+00
0.000000000000000000e+00
0.000000000000000000e+00
0.000000000000000000e+00
9.018707172327903265e+01
0.000000000000000000e+00
0.000000000000000000e+00
0.000000000000000000e+00
0.000000000000000000e+00
0.000000000000000000e+00
4.304081257064581223e+03
1.405963105387867813e+02
0.000000000000000000e+00
0.000000000000000000e+00
0.000000000000000000e+00
4.272713381616242987e+04
0.000000000000000000e+00
0.000000000000000000e+00
0.000000000000000000e+00
2.260998983194117682e+04
1.512733317002561328e+01
0.000000000000000000e+00
0.000000000000000000e+00
0.000000000000000000e+00
9.218420981495275555e+03
0.000000000000000000e+00
8.297386337987180127e+01
0.000000000000000000e+00
0.000000000000000000e+00
0.000000000000000000e+00
0.000000000000000000e+00
2.026606723378605238e+04
0.000000000000000000e+00
0.000000000000000000e+00
0.000000000000000000e+00
0.000000000000000000e+00
0.000000000000000000e+00
0.000000000000000000e+00
0.000000000000000000e+00
0.000000000000000000e+00
0.000000000000000000e+00
5.827709822639488948e+02
0.000000000000000000e+00
0.000000000000000000e+00
0.000000000000000000e+00
0.000000000000000000e+00
0.000000000000000000e+00
0.000000000000000000e+00
0.000000000000000000e+00
4.658039370463592604e+03
0.000000000000000000e+00
1.268506644871486969e+04
0.000000000000000000e+00
1.057891982068478137e+04
0.000000000000000000e+00
0.000000000000000000e+00
0.000000000000000000e+00
3.187919479120751475e+03
4.100225950087979072e+03
0.000000000000000000e+00
6.036066898471548257e+02
0.000000000000000000e+00
0.000000000000000000e+00
0.000000000000000000e+00
6.015741368505341597e+02
0.000000000000000000e+00
0.000000000000000000e+00
0.000000000000000000e+00
0.000000000000000000e+00
0.000000000000000000e+00
0.000000000000000000e+00
0.000000000000000000e+00
0.000000000000000000e+00
6.390300314138636168e+03
1.601114418018319157e+03
0.000000000000000000e+00
0.000000000000000000e+00
0.000000000000000000e+00
0.000000000000000000e+00
0.000000000000000000e+00
1.494528588539073553e+03
1.735532605489665684e+03
2.016768935905519902e+04
0.000000000000000000e+00
0.000000000000000000e+00
4.116007150079653343e+02
0.000000000000000000e+00
1.822075837979426538e+01
0.000000000000000000e+00
0.000000000000000000e+00
0.000000000000000000e+00
0.000000000000000000e+00
0.000000000000000000e+00
0.000000000000000000e+00
2.064270802445671052e+03
0.000000000000000000e+00
2.500789925422847773e+03
0.000000000000000000e+00
5.482553798195446689e+03
0.000000000000000000e+00
5.328548560599600933e+03
0.000000000000000000e+00
3.749537399608501801e+03
0.000000000000000000e+00
0.000000000000000000e+00
0.000000000000000000e+00
0.000000000000000000e+00
2.493689768936318615e+03
0.000000000000000000e+00
0.000000000000000000e+00
0.000000000000000000e+00
0.000000000000000000e+00
0.000000000000000000e+00
0.000000000000000000e+00
0.000000000000000000e+00
0.000000000000000000e+00
0.000000000000000000e+00
1.273578796920639604e+02
0.000000000000000000e+00
0.000000000000000000e+00
0.000000000000000000e+00
9.152755165969460904e+02
3.313891617609260152e+02
0.000000000000000000e+00
0.000000000000000000e+00
0.000000000000000000e+00
0.000000000000000000e+00
0.000000000000000000e+00
0.000000000000000000e+00
0.000000000000000000e+00
0.000000000000000000e+00
0.000000000000000000e+00
1.848366599868785897e+03
0.000000000000000000e+00
0.000000000000000000e+00
0.000000000000000000e+00
0.000000000000000000e+00
0.000000000000000000e+00
0.000000000000000000e+00
0.000000000000000000e+00
