2.706931285589497566e+04
0.000000000000000000e+00
2.018420958598690777e+04
0.000000000000000000e+00
0.000000000000000000e+00
8.576204073054215769e+03
0.000000000000000000e+00
2.678501272087371763e+04
8.934904243409915580e+03
2.001480950553456205e+04
0.000000000000000000e+00
0.000000000000000000e+00
1.925340914392645209e+04
0.000000000000000000e+00
0.000000000000000000e+00
0.000000000000000000e+00
0.000000000000000000e+00
0.000000000000000000e+00
0.000000000000000000e+00
0.000000000000000000e+00
0.000000000000000000e+00
0.000000000000000000e+00
0.000000000000000000e+00
0.000000000000000000e+00
0.000000000000000000e+00
0.000000000000000000e+00
1.434800681422796697e+04
0.000000000000000000e+00
0.000000000000000000e+00
0.000000000000000000e+00
0.000000000000000000e+00
0.000000000000000000e+00
0.000000000000000000e+00
0.000000000000000000e+00
0.000000000000000000e+00
0.000000000000000000e+00
0.000000000000000000e+00
0.000000000000000000e+00
0.000000000000000000e+00
0.000000000000000000e+00
0.000000000000000000e+00
9.760744635622210626e+04
0.000000000000000000e+00
9.136814339302078588e+04
1.664910790707853812e+04
0.000000000000000000e+00
0.000000000000000000e+00
0.000000000000000000e+00
2.324351103892582614e+04
0.000000000000000000e+00
0.000000000000000000e+00
0.000000000000000000e+00
0.000000000000000000e+00
0.000000000000000000e+00
0.000000000000000000e+00
0.000000000000000000e+00
0.000000000000000000e+00
0.000000000000000000e+00
0.000000000000000000e+00
0.000000000000000000e+00
8.373103976596890789e+03
0.000000000000000000e+00
0.000000000000000000e+00
0.000000000000000000e+00
0.000000000000000000e+00
0.000000000000000000e+00
0.000000000000000000e+00
0.000000000000000000e+00
0.000000000000000000e+00
0.000000000000000000e+00
0.000000000000000000e+00
0.000000000000000000e+00
2.973566412221200299e+05
0.000000000000000000e+00
0.000000000000000000e+00
1.416550672755410233e+04
0.000000000000000000e+00
0.000000000000000000e+00
0.000000000000000000e+00
0.000000000000000000e+00
0.000000000000000000e+00
0.000000000000000000e+00
9.105004324194705987e+03
0.000000000000000000e+00
0.000000000000000000e+00
5.644412680673019349e+04
0.000000000000000000e+00
3.003781426571068005e+04
0.000000000000000000e+00
0.000000000000000000e+00
0.000000000000000000e+00
0.000000000000000000e+00
0.000000000000000000e+00
0.000000000000000000e+00
0.000000000000000000e+00
4.734962248752220330e+04
0.000000000000000000e+00
0.000000000000000000e+00
0.000000000000000000e+00
7.050903348650681437e+03
0.000000000000000000e+00
1.131500537377958244e+04
0.000000000000000000e+00
0.000000000000000000e+00
0.000000000000000000e+00
1.159660550751854134e+04
0.000000000000000000e+00
0.000000000000000000e+00
0.000000000000000000e+00
0.000000000000000000e+00
0.000000000000000000e+00
0.000000000000000000e+00
0.000000000000000000e+00
0.000000000000000000e+00
0.000000000000000000e+00
0.000000000000000000e+00
1.714430814226153598e+04
2.879317367459967500e+05
1.408690669022497605e+04
0.000000000000000000e+00
0.000000000000000000e+00
0.000000000000000000e+00
0.000000000000000000e+00
0.000000000000000000e+00
2.928551390842438923e+04
0.000000000000000000e+00
0.000000000000000000e+00
3.947721874872039916e+04
0.000000000000000000e+00
2.791501325753928904e+04
0.000000000000000000e+00
0.000000000000000000e+00
5.677652696459535946e+04
8.988904269055879922e+03
0.000000000000000000e+00
0.000000000000000000e+00
3.204151521731846879e+04
3.504141664204682456e+04
0.000000000000000000e+00
0.000000000000000000e+00
0.000000000000000000e+00
2.376881128840407837e+04
0.000000000000000000e+00
0.000000000000000000e+00
0.000000000000000000e+00
0.000000000000000000e+00
0.000000000000000000e+00
0.000000000000000000e+00
1.916830910351030980e+04
2.298771091743993748e+04
4.683172224155839649e+04
1.446390686927180832e+04
0.000000000000000000e+00
0.000000000000000000e+00
4.405032092060121067e+04
1.047840497645709002e+04
3.371371601148852642e+04
0.000000000000000000e+00
0.000000000000000000e+00
7.136833389461011393e+04
0.000000000000000000e+00
0.000000000000000000e+00
0.000000000000000000e+00
3.702671758491599030e+04
3.294461564622349397e+04
0.000000000000000000e+00
0.000000000000000000e+00
0.000000000000000000e+00
8.304563944045512471e+04
0.000000000000000000e+00
0.000000000000000000e+00
0.000000000000000000e+00
0.000000000000000000e+00
1.165740553639399877e+04
0.000000000000000000e+00
0.000000000000000000e+00
0.000000000000000000e+00
0.000000000000000000e+00
0.000000000000000000e+00
0.000000000000000000e+00
0.000000000000000000e+00
0.000000000000000000e+00
0.000000000000000000e+00
0.000000000000000000e+00
0.000000000000000000e+00
2.360441121032636147e+04
0.000000000000000000e+00
0.000000000000000000e+00
0.000000000000000000e+00
0.000000000000000000e+00
2.510471192285676443e+04
0.000000000000000000e+00
0.000000000000000000e+00
0.000000000000000000e+00
1.608620763974309557e+04
3.807604808326933999e+05
0.000000000000000000e+00
0.000000000000000000e+00
0.000000000000000000e+00
5.343102537573281734e+04
0.000000000000000000e+00
0.000000000000000000e+00
1.684040799793174301e+04
2.841531349514440808e+04
1.141590542169954279e+04
1.524681724109556235e+05
0.000000000000000000e+00
0.000000000000000000e+00
0.000000000000000000e+00
0.000000000000000000e+00
0.000000000000000000e+00
0.000000000000000000e+00
2.726211294746056956e+04
0.000000000000000000e+00
0.000000000000000000e+00
0.000000000000000000e+00
0.000000000000000000e+00
4.685312225172179751e+04
0.000000000000000000e+00
0.000000000000000000e+00
0.000000000000000000e+00
0.000000000000000000e+00
0.000000000000000000e+00
0.000000000000000000e+00
0.000000000000000000e+00
0.000000000000000000e+00
3.463631644965459418e+04
0.000000000000000000e+00
0.000000000000000000e+00
0.000000000000000000e+00
0.000000000000000000e+00
0.000000000000000000e+00
6.027182862460170145e+04
0.000000000000000000e+00
0.000000000000000000e+00
1.721110817398654763e+04
1.620395769566554809e+05
0.000000000000000000e+00
0.000000000000000000e+00
0.000000000000000000e+00
0.000000000000000000e+00
0.000000000000000000e+00
0.000000000000000000e+00
0.000000000000000000e+00
0.000000000000000000e+00
0.000000000000000000e+00
1.601310760502605626e+04
0.000000000000000000e+00
0.000000000000000000e+00
0.000000000000000000e+00
4.016031907314185810e+04
0.000000000000000000e+00
3.052921449908896466e+04
0.000000000000000000e+00
0.000000000000000000e+00
0.000000000000000000e+00
0.000000000000000000e+00
0.000000000000000000e+00
0.000000000000000000e+00
7.863163734413491329e+04
0.000000000000000000e+00
0.000000000000000000e+00
2.607851238533900323e+04
0.000000000000000000e+00
6.008002853351103113e+04
0.000000000000000000e+00
0.000000000000000000e+00
0.000000000000000000e+00
0.000000000000000000e+00
4.711652237681711995e+04
0.000000000000000000e+00
4.006801902930625602e+03
0.000000000000000000e+00
1.718680816244586094e+04
0.000000000000000000e+00
9.898504701047917479e+03
0.000000000000000000e+00
0.000000000000000000e+00
1.690480802851693079e+04
5.861522783784047351e+04
0.000000000000000000e+00
0.000000000000000000e+00
0.000000000000000000e+00
0.000000000000000000e+00
2.880411367979535862e+04
0.000000000000000000e+00
0.000000000000000000e+00
0.000000000000000000e+00
0.000000000000000000e+00
0.000000000000000000e+00
0.000000000000000000e+00
0.000000000000000000e+00
0.000000000000000000e+00
0.000000000000000000e+00
0.000000000000000000e+00
0.000000000000000000e+00
0.000000000000000000e+00
0.000000000000000000e+00
6.612463140424439916e+04
0.000000000000000000e+00
0.000000000000000000e+00
7.196603417847294622e+03
0.000000000000000000e+00
0.000000000000000000e+00
0.000000000000000000e+00
0.000000000000000000e+00
3.429711628855994059e+04
0.000000000000000000e+00
0.000000000000000000e+00
0.000000000000000000e+00
2.918421386031445581e+04
0.000000000000000000e+00
0.000000000000000000e+00
0.000000000000000000e+00
0.000000000000000000e+00
0.000000000000000000e+00
5.528102625434459333e+04
0.000000000000000000e+00
0.000000000000000000e+00
0.000000000000000000e+00
3.229041533552737383e+04
0.000000000000000000e+00
0.000000000000000000e+00
4.637852202632225817e+04
0.000000000000000000e+00
0.000000000000000000e+00
3.958751880110465572e+04
0.000000000000000000e+00
0.000000000000000000e+00
0.000000000000000000e+00
0.000000000000000000e+00
2.303885094172761892e+05
0.000000000000000000e+00
0.000000000000000000e+00
0.000000000000000000e+00
0.000000000000000000e+00
2.693281279106767397e+04
0.000000000000000000e+00
0.000000000000000000e+00
0.000000000000000000e+00
0.000000000000000000e+00
0.000000000000000000e+00
0.000000000000000000e+00
0.000000000000000000e+00
0.000000000000000000e+00
0.000000000000000000e+00
0.000000000000000000e+00
1.249087593222997530e+05
0.000000000000000000e+00
4.060301928339128790e+04
0.000000000000000000e+00
0.000000000000000000e+00
0.000000000000000000e+00
0.000000000000000000e+00
0.000000000000000000e+00
0.000000000000000000e+00
0.000000000000000000e+00
3.265981551096477415e+04
0.000000000000000000e+00
0.000000000000000000e+00
0.000000000000000000e+00
2.008770954015661482e+04
0.000000000000000000e+00
7.116903379995749674e+03
0.000000000000000000e+00
0.000000000000000000e+00
0.000000000000000000e+00
0.000000000000000000e+00
0.000000000000000000e+00
0.000000000000000000e+00
0.000000000000000000e+00
5.467392596601745754e+04
0.000000000000000000e+00
0.000000000000000000e+00
0.000000000000000000e+00
0.000000000000000000e+00
1.134410538759990777e+04
0.000000000000000000e+00
4.666302216143850092e+04
0.000000000000000000e+00
0.000000000000000000e+00
0.000000000000000000e+00
0.000000000000000000e+00
0.000000000000000000e+00
0.000000000000000000e+00
0.000000000000000000e+00
0.000000000000000000e+00
4.911982332823493925e+04
0.000000000000000000e+00
0.000000000000000000e+00
0.000000000000000000e+00
0.000000000000000000e+00
4.994882372194799973e+04
1.212520575856404685e+04
0.000000000000000000e+00
0.000000000000000000e+00
0.000000000000000000e+00
0.000000000000000000e+00
1.738600825705097668e+04
2.259881073274149458e+04
2.572301221650306616e+04
1.289330612335415753e+04
3.237861537741578286e+04
0.000000000000000000e+00
0.000000000000000000e+00
0.000000000000000000e+00
0.000000000000000000e+00
0.000000000000000000e+00
0.000000000000000000e+00
6.981403315643374299e+03
0.000000000000000000e+00
0.000000000000000000e+00
0.000000000000000000e+00
2.180171035417855092e+04
0.000000000000000000e+00
0.000000000000000000e+00
0.000000000000000000e+00
0.000000000000000000e+00
5.308792521278595814e+04
0.000000000000000000e+00
0.000000000000000000e+00
0.000000000000000000e+00
0.000000000000000000e+00
0.000000000000000000e+00
0.000000000000000000e+00
0.000000000000000000e+00
0.000000000000000000e+00
0.000000000000000000e+00
0.000000000000000000e+00
0.000000000000000000e+00
0.000000000000000000e+00
0.000000000000000000e+00
7.696703655357428943e+04
0.000000000000000000e+00
0.000000000000000000e+00
0.000000000000000000e+00
0.000000000000000000e+00
0.000000000000000000e+00
0.000000000000000000e+00
0.000000000000000000e+00
0.000000000000000000e+00
0.000000000000000000e+00
0.000000000000000000e+00
0.000000000000000000e+00
0.000000000000000000e+00
0.000000000000000000e+00
0.000000000000000000e+00
7.858903732390310324e+03
2.813701336297270245e+04
0.000000000000000000e+00
0.000000000000000000e+00
7.988703794035612191e+03
0.000000000000000000e+00
0.000000000000000000e+00
0.000000000000000000e+00
0.000000000000000000e+00
0.000000000000000000e+00
8.367633973999049340e+04
1.981530941078696924e+04
3.974611887642781221e+04
0.000000000000000000e+00
0.000000000000000000e+00
0.000000000000000000e+00
0.000000000000000000e+00
0.000000000000000000e+00
0.000000000000000000e+00
0.000000000000000000e+00
0.000000000000000000e+00
5.220682479432928812e+04
0.000000000000000000e+00
2.082150988865679028e+04
3.123911483623842287e+04
0.000000000000000000e+00
0.000000000000000000e+00
0.000000000000000000e+00
2.660521263548215211e+04
0.000000000000000000e+00
0.000000000000000000e+00
0.000000000000000000e+00
0.000000000000000000e+00
5.376502553435786831e+04
0.000000000000000000e+00
0.000000000000000000e+00
2.174951032938745266e+04
0.000000000000000000e+00
7.313363473299570614e+04
0.000000000000000000e+00
0.000000000000000000e+00
0.000000000000000000e+00
1.389769660036436399e+05
0.000000000000000000e+00
2.308641096431506230e+04
0.000000000000000000e+00
0.000000000000000000e+00
0.000000000000000000e+00
0.000000000000000000e+00
0.000000000000000000e+00
0.000000000000000000e+00
8.438164007495529950e+04
0.000000000000000000e+00
1.281350608545511932e+04
0.000000000000000000e+00
1.131680537463444780e+05
0.000000000000000000e+00
0.000000000000000000e+00
5.000762374987360818e+04
3.595771707722086285e+04
8.160993875860489788e+04
0.000000000000000000e+00
4.349132065511798282e+04
2.171461031281256146e+04
0.000000000000000000e+00
0.000000000000000000e+00
0.000000000000000000e+00
0.000000000000000000e+00
1.062300504513128544e+04
8.714944138945349550e+04
1.065650506104128362e+04
0.000000000000000000e+00
0.000000000000000000e+00
1.356840644397621691e+04
0.000000000000000000e+00
0.000000000000000000e+00
0.000000000000000000e+00
0.000000000000000000e+00
0.000000000000000000e+00
7.743643677650422615e+04
5.653145684820541646e+05
2.419751149200454529e+04
7.421963524876456358e+04
7.651103633700836326e+03
0.000000000000000000e+00
0.000000000000000000e+00
0.000000000000000000e+00
0.000000000000000000e+00
0.000000000000000000e+00
0.000000000000000000e+00
0.000000000000000000e+00
0.000000000000000000e+00
2.269851078009154662e+04
0.000000000000000000e+00
0.000000000000000000e+00
0.000000000000000000e+00
9.921704712066185311e+04
0.000000000000000000e+00
0.000000000000000000e+00
0.000000000000000000e+00
4.426852102422991447e+04
1.787290848829209790e+04
4.744802253425485105e+03
0.000000000000000000e+00
0.000000000000000000e+00
4.587302178624752560e+04
0.000000000000000000e+00
3.836991822283563670e+04
0.000000000000000000e+00
0.000000000000000000e+00
0.000000000000000000e+00
2.832371345164125159e+04
0.000000000000000000e+00
0.000000000000000000e+00
0.000000000000000000e+00
0.000000000000000000e+00
0.000000000000000000e+00
0.000000000000000000e+00
0.000000000000000000e+00
0.000000000000000000e+00
0.000000000000000000e+00
0.000000000000000000e+00
0.000000000000000000e+00
0.000000000000000000e+00
5.085642415299018467e+04
1.196530568262349334e+04
0.000000000000000000e+00
0.000000000000000000e+00
1.906310905354817078e+04
0.000000000000000000e+00
0.000000000000000000e+00
3.352331592106275639e+04
0.000000000000000000e+00
0.000000000000000000e+00
7.412403520336170914e+03
0.000000000000000000e+00
0.000000000000000000e+00
0.000000000000000000e+00
0.000000000000000000e+00
2.503101188785476916e+04
0.000000000000000000e+00
2.127212010266287252e+05
0.000000000000000000e+00
0.000000000000000000e+00
0.000000000000000000e+00
0.000000000000000000e+00
0.000000000000000000e+00
2.266311076327919000e+04
0.000000000000000000e+00
1.655730786348039692e+04
0.000000000000000000e+00
0.000000000000000000e+00
0.000000000000000000e+00
0.000000000000000000e+00
0.000000000000000000e+00
0.000000000000000000e+00
0.000000000000000000e+00
3.032221440077943043e+04
0.000000000000000000e+00
0.000000000000000000e+00
0.000000000000000000e+00
0.000000000000000000e+00
0.000000000000000000e+00
6.242002964483619508e+03
0.000000000000000000e+00
0.000000000000000000e+00
0.000000000000000000e+00
0.000000000000000000e+00
9.636704576712478229e+03
0.000000000000000000e+00
1.756000833968797815e+04
0.000000000000000000e+00
7.181623410732914635e+04
0.000000000000000000e+00
0.000000000000000000e+00
0.000000000000000000e+00
0.000000000000000000e+00
2.606781238025730272e+04
0.000000000000000000e+00
0.000000000000000000e+00
0.000000000000000000e+00
0.000000000000000000e+00
1.819050863912836940e+04
0.000000000000000000e+00
9.956604728641077600e+03
0.000000000000000000e+00
1.281420608578756764e+04
0.000000000000000000e+00
6.341443011710189603e+04
0.000000000000000000e+00
0.000000000000000000e+00
0.000000000000000000e+00
0.000000000000000000e+00
0.000000000000000000e+00
1.877330891591482577e+04
0.000000000000000000e+00
5.073272409424193029e+04
1.872660889373581449e+04
0.000000000000000000e+00
0.000000000000000000e+00
0.000000000000000000e+00
0.000000000000000000e+00
0.000000000000000000e+00
0.000000000000000000e+00
0.000000000000000000e+00
5.742602727305932603e+03
6.466263070990363485e+04
0.000000000000000000e+00
0.000000000000000000e+00
0.000000000000000000e+00
9.111404327234227821e+03
0.000000000000000000e+00
0.000000000000000000e+00
0.000000000000000000e+00
0.000000000000000000e+00
0.000000000000000000e+00
0.000000000000000000e+00
0.000000000000000000e+00
3.120381481947355860e+04
0.000000000000000000e+00
0.000000000000000000e+00
0.000000000000000000e+00
4.066061931074698077e+04
0.000000000000000000e+00
0.000000000000000000e+00
4.027511912766328169e+04
0.000000000000000000e+00
2.195581042736454037e+04
0.000000000000000000e+00
0.000000000000000000e+00
0.000000000000000000e+00
0.000000000000000000e+00
0.000000000000000000e+00
3.553641687713484134e+04
0.000000000000000000e+00
0.000000000000000000e+00
0.000000000000000000e+00
0.000000000000000000e+00
0.000000000000000000e+00
0.000000000000000000e+00
0.000000000000000000e+00
3.227721532925836073e+04
0.000000000000000000e+00
0.000000000000000000e+00
0.000000000000000000e+00
0.000000000000000000e+00
0.000000000000000000e+00
0.000000000000000000e+00
1.758000834918648252e+04
0.000000000000000000e+00
0.000000000000000000e+00
0.000000000000000000e+00
0.000000000000000000e+00
0.000000000000000000e+00
0.000000000000000000e+00
0.000000000000000000e+00
0.000000000000000000e+00
5.392012560801877407e+04
0.000000000000000000e+00
0.000000000000000000e+00
0.000000000000000000e+00
3.799421804440620326e+04
2.997741423702519387e+04
7.658903637405253903e+03
6.758358209713663673e+05
0.000000000000000000e+00
0.000000000000000000e+00
0.000000000000000000e+00
2.457281167024400565e+04
0.000000000000000000e+00
0.000000000000000000e+00
0.000000000000000000e+00
3.532310677582853241e+05
0.000000000000000000e+00
0.000000000000000000e+00
1.948440925363419228e+04
0.000000000000000000e+00
1.829510868880555427e+04
0.000000000000000000e+00
0.000000000000000000e+00
0.000000000000000000e+00
9.713804613329219137e+03
0.000000000000000000e+00
0.000000000000000000e+00
0.000000000000000000e+00
0.000000000000000000e+00
3.753941782841018721e+04
0.000000000000000000e+00
0.000000000000000000e+00
0.000000000000000000e+00
0.000000000000000000e+00
0.000000000000000000e+00
0.000000000000000000e+00
2.432581155293745906e+04
0.000000000000000000e+00
0.000000000000000000e+00
0.000000000000000000e+00
6.975603312888807523e+03
0.000000000000000000e+00
0.000000000000000000e+00
0.000000000000000000e+00
1.532360727756507367e+04
3.792081800954668870e+04
0.000000000000000000e+00
0.000000000000000000e+00
0.000000000000000000e+00
4.258492022464570618e+04
0.000000000000000000e+00
0.000000000000000000e+00
0.000000000000000000e+00
0.000000000000000000e+00
0.000000000000000000e+00
0.000000000000000000e+00
0.000000000000000000e+00
0.000000000000000000e+00
0.000000000000000000e+00
0.000000000000000000e+00
0.000000000000000000e+00
3.714411764067222248e+04
8.559604065170457034e+03
0.000000000000000000e+00
0.000000000000000000e+00
0.000000000000000000e+00
0.000000000000000000e+00
5.277132506242461386e+04
0.000000000000000000e+00
0.000000000000000000e+00
0.000000000000000000e+00
0.000000000000000000e+00
0.000000000000000000e+00
0.000000000000000000e+00
0.000000000000000000e+00
5.661742688903474482e+04
0.000000000000000000e+00
0.000000000000000000e+00
0.000000000000000000e+00
0.000000000000000000e+00
0.000000000000000000e+00
3.274293555044056266e+05
0.000000000000000000e+00
0.000000000000000000e+00
0.000000000000000000e+00
0.000000000000000000e+00
0.000000000000000000e+00
1.938470920628414387e+04
0.000000000000000000e+00
0.000000000000000000e+00
0.000000000000000000e+00
0.000000000000000000e+00
0.000000000000000000e+00
0.000000000000000000e+00
0.000000000000000000e+00
0.000000000000000000e+00
0.000000000000000000e+00
5.887752796241337637e+04
2.183241036875875943e+04
8.943144247323299351e+04
0.000000000000000000e+00
0.000000000000000000e+00
0.000000000000000000e+00
6.833113245216703217e+04
1.146569544534607267e+05
2.217041052928350473e+04
0.000000000000000000e+00
0.000000000000000000e+00
9.257404396573319900e+03
0.000000000000000000e+00
2.302971093738680065e+04
0.000000000000000000e+00
0.000000000000000000e+00
0.000000000000000000e+00
0.000000000000000000e+00
0.000000000000000000e+00
0.000000000000000000e+00
0.000000000000000000e+00
0.000000000000000000e+00
0.000000000000000000e+00
0.000000000000000000e+00
0.000000000000000000e+00
0.000000000000000000e+00
2.639941253774252982e+04
1.165808553671694826e+05
0.000000000000000000e+00
0.000000000000000000e+00
0.000000000000000000e+00
0.000000000000000000e+00
0.000000000000000000e+00
0.000000000000000000e+00
0.000000000000000000e+00
0.000000000000000000e+00
0.000000000000000000e+00
0.000000000000000000e+00
3.350771591365391942e+04
0.000000000000000000e+00
4.443042110112031514e+04
6.969813310138990346e+04
0.000000000000000000e+00
0.000000000000000000e+00
0.000000000000000000e+00
0.000000000000000000e+00
6.958053304553868657e+04
3.379721605114478734e+04
0.000000000000000000e+00
0.000000000000000000e+00
0.000000000000000000e+00
0.000000000000000000e+00
0.000000000000000000e+00
0.000000000000000000e+00
0.000000000000000000e+00
2.788881324509624392e+04
0.000000000000000000e+00
0.000000000000000000e+00
3.235861536791727849e+04
0.000000000000000000e+00
0.000000000000000000e+00
0.000000000000000000e+00
0.000000000000000000e+00
0.000000000000000000e+00
0.000000000000000000e+00
7.317063475056794414e+04
0.000000000000000000e+00
7.229003433234874683e+04
0.000000000000000000e+00
0.000000000000000000e+00
0.000000000000000000e+00
0.000000000000000000e+00
3.972761886764169321e+04
0.000000000000000000e+00
0.000000000000000000e+00
0.000000000000000000e+00
3.887251846153307997e+04
0.000000000000000000e+00
0.000000000000000000e+00
0.000000000000000000e+00
0.000000000000000000e+00
0.000000000000000000e+00
0.000000000000000000e+00
0.000000000000000000e+00
5.408252568514664017e+04
0.000000000000000000e+00
2.687851276527923255e+04
0.000000000000000000e+00
0.000000000000000000e+00
0.000000000000000000e+00
0.000000000000000000e+00
0.000000000000000000e+00
4.738722250537939544e+04
0.000000000000000000e+00
3.930811866841053416e+04
0.000000000000000000e+00
0.000000000000000000e+00
3.428901628471304139e+04
1.028555488486774993e+05
0.000000000000000000e+00
0.000000000000000000e+00
0.000000000000000000e+00
0.000000000000000000e+00
0.000000000000000000e+00
0.000000000000000000e+00
0.000000000000000000e+00
0.000000000000000000e+00
0.000000000000000000e+00
0.000000000000000000e+00
0.000000000000000000e+00
0.000000000000000000e+00
0.000000000000000000e+00
0.000000000000000000e+00
2.495521185185543436e+04
0.000000000000000000e+00
5.943872822894144338e+04
0.000000000000000000e+00
0.000000000000000000e+00
3.826921817501065671e+05
0.000000000000000000e+00
0.000000000000000000e+00
0.000000000000000000e+00
0.000000000000000000e+00
0.000000000000000000e+00
0.000000000000000000e+00
0.000000000000000000e+00
0.000000000000000000e+00
2.109361001788395879e+04
0.000000000000000000e+00
4.595322182433653506e+04
0.000000000000000000e+00
9.812034659981129516e+04
0.000000000000000000e+00
0.000000000000000000e+00
0.000000000000000000e+00
1.995910947908122398e+04
7.633373625280411215e+04
0.000000000000000000e+00
0.000000000000000000e+00
0.000000000000000000e+00
0.000000000000000000e+00
0.000000000000000000e+00
8.086633840545045678e+04
0.000000000000000000e+00
0.000000000000000000e+00
0.000000000000000000e+00
0.000000000000000000e+00
0.000000000000000000e+00
0.000000000000000000e+00
0.000000000000000000e+00
0.000000000000000000e+00
0.000000000000000000e+00
0.000000000000000000e+00
0.000000000000000000e+00
2.350031116088663839e+04
0.000000000000000000e+00
0.000000000000000000e+00
0.000000000000000000e+00
0.000000000000000000e+00
0.000000000000000000e+00
0.000000000000000000e+00
0.000000000000000000e+00
0.000000000000000000e+00
0.000000000000000000e+00
9.777460643561062170e+05
5.983592841758176655e+04
0.000000000000000000e+00
1.268953602657863230e+05
0.000000000000000000e+00
3.644531730879443057e+04
0.000000000000000000e+00
0.000000000000000000e+00
2.575631223231807962e+04
0.000000000000000000e+00
0.000000000000000000e+00
4.428452103182871360e+04
0.000000000000000000e+00
0.000000000000000000e+00
0.000000000000000000e+00
0.000000000000000000e+00
0.000000000000000000e+00
0.000000000000000000e+00
3.509541666769279254e+04
6.071402883461366400e+03
0.000000000000000000e+00
0.000000000000000000e+00
0.000000000000000000e+00
0.000000000000000000e+00
2.049260973245386413e+04
0.000000000000000000e+00
7.314463473821988737e+04
0.000000000000000000e+00
9.023764285611775995e+04
0.000000000000000000e+00
0.000000000000000000e+00
0.000000000000000000e+00
0.000000000000000000e+00
0.000000000000000000e+00
0.000000000000000000e+00
