8.503504038527147713e+03
0.000000000000000000e+00
0.000000000000000000e+00
5.294102514301943302e+03
5.722449717734763399e+05
1.260000598405857097e+01
0.000000000000000000e+00
1.002700476207581687e+03
3.983001891627404234e+02
5.050002398372681682e+02
0.000000000000000000e+00
1.960840931252492737e+04
5.251002493832663731e+02
5.087002415944916720e+02
1.211762575496411300e+05
0.000000000000000000e+00
4.823702290897090279e+03
3.108951476518959971e+05
0.000000000000000000e+00
4.234002010833650274e+03
2.640001253802748238e+01
0.000000000000000000e+00
3.742642777474838076e+05
9.530004526037951962e+01
0.000000000000000000e+00
8.781758170677007874e+05
5.500002612089058829e+00
2.611200240124425327e+05
0.000000000000000000e+00
2.447001162142168766e+02
2.433914155926821404e+05
1.597530758707388122e+04
3.265001550631050691e+02
1.258200597550991688e+03
7.136112389118589927e+05
0.000000000000000000e+00
0.000000000000000000e+00
1.251180594217016187e+04
4.700002232148832348e+01
8.840718198678602930e+05
1.010000479674536322e+01
0.000000000000000000e+00
0.000000000000000000e+00
1.986000943201613040e+02
1.893600899318516667e+03
6.288765986692550359e+05
5.081122413152356603e+04
1.303000618827644246e+02
9.734204623017694757e+03
0.000000000000000000e+00
7.647750632108411519e+05
3.221001529734337964e+03
8.464454019981315651e+04
6.035681866496560397e+05
9.540004530787204828e+01
1.850371878787971800e+05
2.410001144569933018e+01
6.920003286482960903e+01
5.612971665740893222e+05
1.979900940304568621e+03
5.730002721321874048e+01
1.240000588907351542e+01
0.000000000000000000e+00
4.700002232148832348e+01
2.089751992475586012e+05
2.182901036714401471e+03
5.896002800159470780e+02
0.000000000000000000e+00
0.000000000000000000e+00
0.000000000000000000e+00
3.000001424775850190e+00
9.024172285805545980e+05
0.000000000000000000e+00
1.528700726018280875e+03
0.000000000000000000e+00
5.467602596701480252e+03
1.060000503420800477e+01
0.000000000000000000e+00
1.399061664449441887e+05
0.000000000000000000e+00
7.781563695659588848e+04
2.287229086262406199e+05
1.243100590379619916e+03
0.000000000000000000e+00
0.000000000000000000e+00
2.716001289897070023e+02
1.135127539100512222e+05
4.081001938170081758e+02
9.107900325570089044e+05
0.000000000000000000e+00
1.202933571303296048e+05
0.000000000000000000e+00
7.900003751909738980e+01
1.941417922028019093e+05
0.000000000000000000e+00
1.700000807372981981e+00
0.000000000000000000e+00
5.357640544477745425e+05
0.000000000000000000e+00
1.044800496201936085e+03
3.149646495846044272e+05
1.647900782629374589e+03
4.080001937695156755e+01
0.000000000000000000e+00
0.000000000000000000e+00
2.826001342138850987e+02
1.521906722791638458e+05
7.928003765207647120e+03
0.000000000000000000e+00
0.000000000000000000e+00
3.149247495656548999e+05
7.942524772104037693e+05
0.000000000000000000e+00
7.294329464259842644e+05
0.000000000000000000e+00
1.034470491295957981e+04
1.046300496914324185e+03
1.965500933465644721e+03
2.204001046735324678e+02
2.602001235755587345e+02
7.170003405214282566e+01
5.067982406911838189e+04
0.000000000000000000e+00
0.000000000000000000e+00
7.293003463630092256e+02
1.672400794265044169e+03
0.000000000000000000e+00
2.050600973881786103e+03
5.435002581218915338e+02
1.132300537757898383e+03
4.024356911267939140e+05
0.000000000000000000e+00
1.308000621202270679e+02
1.364000647798086675e+03
1.173200557182342664e+03
2.200001044835623532e+00
0.000000000000000000e+00
5.497002610664283111e+02
0.000000000000000000e+00
2.854001355436759013e+02
4.188001988987086861e+02
1.668100792222865266e+03
0.000000000000000000e+00
2.542552207521754317e+05
1.494000709538373428e+02
0.000000000000000000e+00
0.000000000000000000e+00
0.000000000000000000e+00
3.790001799966824336e+01
1.247580592507285110e+04
2.757401309558976664e+03
1.457200692061123164e+03
0.000000000000000000e+00
1.404214666896731942e+05
2.647801257507165701e+03
1.415000672019276067e+02
1.442210684941992986e+04
1.836865872373630700e+05
0.000000000000000000e+00
1.821500865076403898e+03
8.910861231991286622e+05
8.755526158218767960e+05
2.323815103638022556e+05
1.001000475400208813e+02
0.000000000000000000e+00
2.326601104961164310e+03
5.760002735569632648e+01
1.460460693609379523e+05
0.000000000000000000e+00
5.278992507125822158e+04
4.274787030203478062e+05
0.000000000000000000e+00
0.000000000000000000e+00
0.000000000000000000e+00
4.235776011676167836e+05
6.292106988279275829e+05
4.780002270142855281e+01
0.000000000000000000e+00
2.216401052624398289e+03
1.962238931916438451e+05
2.302001093278002372e+03
2.755901308846588563e+03
4.187081988550155656e+05
0.000000000000000000e+00
2.128881011058937293e+04
1.075300510687157384e+03
2.091690993396466001e+04
0.000000000000000000e+00
1.527900725638340646e+03
7.416003522045901946e+02
3.307001570577912162e+02
6.174930932629430899e+05
2.594436232162777742e+05
9.405383466852287529e+05
4.854002305287326067e+02
3.684064749654664774e+05
0.000000000000000000e+00
0.000000000000000000e+00
5.438662582957142149e+04
3.325001579126567322e+02
5.469960597821354168e+05
0.000000000000000000e+00
2.208801049014965884e+03
6.796503227829689422e+03
0.000000000000000000e+00
0.000000000000000000e+00
8.682004123301311438e+02
1.406261667868904187e+05
4.563202167179053504e+03
0.000000000000000000e+00
0.000000000000000000e+00
1.740000826369993092e+02
4.550202161005025118e+03
4.772441266551945009e+05
0.000000000000000000e+00
4.836501296975658624e+05
8.681944123272815486e+05
2.660001263301253971e+02
1.201190570475501227e+04
1.090400517858529156e+03
2.800001329790793747e+01
5.266307501101394882e+05
1.073000509594829168e+02
7.243803440263768607e+03
0.000000000000000000e+00
0.000000000000000000e+00
6.486103080412881354e+03
1.200000569910340209e+00
2.134401013680525011e+03
8.461730018687619595e+05
9.990004744503582401e+01
1.453000690066436960e+02
1.187000563736311420e+02
0.000000000000000000e+00
4.860604308422782924e+05
4.000001899701133823e+01
2.028000963148474796e+02
0.000000000000000000e+00
4.242202014728037284e+03
0.000000000000000000e+00
1.425500677005991520e+03
4.806363282662360580e+05
0.000000000000000000e+00
7.022103334972833181e+03
5.985002842427821633e+03
0.000000000000000000e+00
1.219200579028905622e+03
0.000000000000000000e+00
0.000000000000000000e+00
1.590000755131200627e+01
1.352700642431430879e+03
2.270001078080393597e+01
0.000000000000000000e+00
0.000000000000000000e+00
7.271064453210706124e+05
7.578814599368962226e+05
0.000000000000000000e+00
8.237402912149055628e+05
0.000000000000000000e+00
4.161801976544044919e+03
0.000000000000000000e+00
2.899400376997892163e+05
4.630002198904062283e+01
9.790076649552719900e+05
1.261300599023260020e+03
0.000000000000000000e+00
1.753750832900215755e+05
0.000000000000000000e+00
5.194002466761921823e+02
1.995000947475940620e+02
8.337903959879520698e+03
0.000000000000000000e+00
6.970003310229225235e+01
0.000000000000000000e+00
7.584003601833350103e+02
4.360002070674236165e+02
0.000000000000000000e+00
2.734212298545934027e+05
4.758502259931960907e+03
1.523200723406191719e+04
0.000000000000000000e+00
0.000000000000000000e+00
2.473059174517771753e+05
5.050002398372681256e+01
1.289000612178690517e+02
2.422055150294682535e+05
0.000000000000000000e+00
6.754303207787842257e+05
5.130002436366704188e+01
0.000000000000000000e+00
4.546336159168963786e+05
1.312750623458165865e+04
0.000000000000000000e+00
4.960002355629406168e+01
8.770424165294204431e+04
9.334728433296441799e+05
3.420001624244469554e+02
6.440003058518826151e+01
3.114601479202287919e+03
0.000000000000000000e+00
3.637001727303256189e+02
4.533002152836310188e+02
5.431182579404701391e+04
0.000000000000000000e+00
1.438356683111631137e+05
0.000000000000000000e+00
5.100002422118945944e+00
2.567001219133202881e+02
3.526866674997360096e+05
0.000000000000000000e+00
4.069001932470978318e+02
0.000000000000000000e+00
1.520000721886430917e+01
2.165001028213238783e+02
5.704181709058828419e+05
0.000000000000000000e+00
0.000000000000000000e+00
4.278002031730362660e+02
0.000000000000000000e+00
0.000000000000000000e+00
0.000000000000000000e+00
1.478440702148536002e+04
7.630003623679913005e+01
2.950301401172063834e+03
0.000000000000000000e+00
0.000000000000000000e+00
2.044000970747279382e+02
4.823002290564642180e+02
7.881003742886158534e+02
0.000000000000000000e+00
0.000000000000000000e+00
3.579001699757589563e+02
3.071315458644672181e+05
2.816547337648907560e+05
6.760643210798868677e+04
7.313223473233082041e+04
1.218300578601472807e+03
0.000000000000000000e+00
4.344749063430200331e+05
0.000000000000000000e+00
0.000000000000000000e+00
0.000000000000000000e+00
0.000000000000000000e+00
1.100000522417811766e+00
8.223778905678673182e+05
7.189003414237862444e+02
1.445000686267034666e+02
6.553603112470338237e+04
8.453174014624158735e+04
8.237103912007052713e+03
0.000000000000000000e+00
1.421000674868827787e+02
0.000000000000000000e+00
0.000000000000000000e+00
1.530000726635683783e+01
1.762650837127050909e+04
0.000000000000000000e+00
6.469103072339151367e+03
7.681003647901102340e+02
0.000000000000000000e+00
7.450603538478317205e+04
0.000000000000000000e+00
0.000000000000000000e+00
1.278000606954512250e+03
1.166900554190313187e+03
0.000000000000000000e+00
0.000000000000000000e+00
0.000000000000000000e+00
0.000000000000000000e+00
2.046400971887100013e+03
0.000000000000000000e+00
0.000000000000000000e+00
1.713175813630122575e+05
0.000000000000000000e+00
2.173001032012640735e+03
8.067703831554709723e+03
7.059003352497576316e+02
1.402114665899388783e+05
0.000000000000000000e+00
7.451015538673986448e+05
7.284666459670640761e+05
0.000000000000000000e+00
5.870002787811414180e+01
2.754001307944230916e+02
0.000000000000000000e+00
6.082532888747284596e+04
0.000000000000000000e+00
3.004701427007999428e+03
3.692891753846830397e+04
1.077400511684500316e+03
4.248002017482604060e+02
7.490940557635377627e+05
6.360503020762265805e+03
5.346002538950565395e+02
1.143000542839598950e+02
5.670002692826357560e+01
0.000000000000000000e+00
9.068545306879405398e+05
1.647000782201942002e+02
0.000000000000000000e+00
4.708302236090712540e+03
3.312101573000031294e+03
2.595001232431110338e+02
3.782201796262407242e+03
7.384508507088130573e+05
1.196804568392478977e+05
6.819903238942940334e+03
0.000000000000000000e+00
7.756003683520498271e+02
6.250002968283021119e+02
0.000000000000000000e+00
0.000000000000000000e+00
5.654002685227552547e+02
1.500000712387925095e+00
0.000000000000000000e+00
0.000000000000000000e+00
1.023000485848564978e+02
1.016894482948671211e+05
5.260002498106990743e+01
3.890986847927154158e+05
1.830000869113268891e+01
5.940002821056183535e+01
3.811001809940255498e+02
8.001788800250008935e+05
7.564401592523864238e+05
0.000000000000000000e+00
4.900002327133888613e+00
9.179504359576640127e+03
0.000000000000000000e+00
4.257102021804424112e+03
4.034150915919357212e+05
2.309339096763004200e+05
1.249000593181679051e+02
1.811100860137180916e+03
3.560001690734009117e+01
7.618103618028301753e+03
0.000000000000000000e+00
0.000000000000000000e+00
0.000000000000000000e+00
1.543000732809712474e+02
0.000000000000000000e+00
0.000000000000000000e+00
0.000000000000000000e+00
1.369000650172713165e+02
7.859787732810144080e+05
6.820023238999932073e+04
0.000000000000000000e+00
3.960001880704122357e+01
2.300001092328151913e+02
5.800002754566644398e+02
5.319048526149429381e+05
4.760002260644349548e+01
0.000000000000000000e+00
3.347201589669908572e+04
0.000000000000000000e+00
0.000000000000000000e+00
1.208000573709742440e+02
6.927003289807438478e+02
3.906401855248127504e+03
8.810004184091746993e+01
2.345001113699789812e+02
0.000000000000000000e+00
0.000000000000000000e+00
7.641803629284031558e+03
3.150001496014643010e+01
1.310895622577179456e+05
0.000000000000000000e+00
0.000000000000000000e+00
0.000000000000000000e+00
2.040510969089790160e+04
0.000000000000000000e+00
6.810003234241180792e+01
0.000000000000000000e+00
1.021000484898714404e+02
0.000000000000000000e+00
2.054000975496532249e+02
1.500000712387925095e+00
4.021431909878782608e+04
1.001000475400208813e+02
0.000000000000000000e+00
1.906000905207590392e+02
0.000000000000000000e+00
2.480101177862195527e+03
4.152001971889777110e+02
7.107003375293990075e+02
3.590001704981767716e+01
2.799301329458346117e+03
1.764750838124394068e+04
6.890003272235203724e+01
0.000000000000000000e+00
0.000000000000000000e+00
4.067801931901068201e+03
0.000000000000000000e+00
3.975001887828001941e+02
9.536064528915999108e+04
4.100294947332815500e+05
0.000000000000000000e+00
3.000001424775850190e+00
9.535704528745025527e+03
0.000000000000000000e+00
1.015600482334117828e+03
7.703931658790189540e+05
0.000000000000000000e+00
1.730000821620740226e+01
9.808004658067179662e+02
2.150001021089359483e+02
3.620001719229526316e+02
2.046100971744622484e+03
0.000000000000000000e+00
9.948204724651704964e+03
3.416501622582230993e+03
0.000000000000000000e+00
0.000000000000000000e+00
2.387001133646651567e+02
4.918110335733835818e+05
3.733301773038560896e+03
4.624702196386958349e+03
1.238800588337441241e+03
0.000000000000000000e+00
2.180001035337117798e+01
7.200003419462040810e+00
4.177201983857894447e+03
7.695443654759023048e+04
7.079003361996082049e+02
5.600228659688920015e+05
0.000000000000000000e+00
1.249000593181679051e+02
6.253002969707797547e+02
1.072400509309873996e+03
1.267600602015289269e+03
3.647001732052509055e+02
1.203000571335116007e+02
3.491288658100467874e+05
0.000000000000000000e+00
2.029530963875110683e+04
6.100602897329184088e+03
3.222001530209263365e+02
1.750000831119245959e+02
5.106881425385956536e+05
0.000000000000000000e+00
0.000000000000000000e+00
1.051100499193965334e+03
1.237000587482575611e+02
1.658410787620839255e+04
4.217002002759920288e+04
3.463320644817758002e+05
3.074132459982536384e+05
1.377800654352055517e+03
8.068003831697186570e+02
1.740000826369993092e+01
0.000000000000000000e+00
3.560001690734009117e+01
0.000000000000000000e+00
1.840000873862521473e+02
4.650002208402568016e+01
0.000000000000000000e+00
0.000000000000000000e+00
0.000000000000000000e+00
0.000000000000000000e+00
0.000000000000000000e+00
8.039672818242078647e+05
2.320001101826657575e+01
1.325219629380009137e+05
6.785663222681499610e+04
4.016994907771539292e+05
0.000000000000000000e+00
5.046802396852920538e+03
7.928473765430862841e+04
0.000000000000000000e+00
1.936000919455348821e+03
1.000000474925283545e+00
3.928201865601498412e+03
4.599002184181378539e+02
0.000000000000000000e+00
2.694197279541799217e+05
9.341004436277072500e+02
0.000000000000000000e+00
7.459686542792062974e+05
5.480002602590553806e+02
7.675003645051550620e+02
4.370002075423488463e+01
1.310000622152121252e+01
1.908000906157440966e+02
0.000000000000000000e+00
8.320698951708431123e+05
3.678401746965162602e+03
1.437480682695596442e+04
0.000000000000000000e+00
0.000000000000000000e+00
1.953900927956511396e+03
1.089963517650986760e+05
0.000000000000000000e+00
8.420414999066081364e+05
0.000000000000000000e+00
2.512801193392252117e+03
0.000000000000000000e+00
7.365003497824712895e+02
0.000000000000000000e+00
0.000000000000000000e+00
0.000000000000000000e+00
0.000000000000000000e+00
8.000003799402267646e+01
4.548512160202400992e+05
3.010001429525103234e+01
1.160000550913328787e+01
1.671040793619145552e+04
4.247502017245141360e+03
2.409687144420806726e+05
9.217004377386338092e+02
1.658100787473612399e+03
8.170003880139566377e+01
0.000000000000000000e+00
0.000000000000000000e+00
3.566351693749784317e+04
0.000000000000000000e+00
1.821000864838941311e+02
1.406970668205626134e+04
3.311001572477613308e+02
0.000000000000000000e+00
7.348003489750982453e+02
7.893003748585261974e+02
0.000000000000000000e+00
4.543661157898538513e+05
1.883000894284308799e+02
6.107002900368705696e+02
2.766001313643333788e+02
8.810004184091746993e+02
0.000000000000000000e+00
0.000000000000000000e+00
3.950001875954869774e+03
0.000000000000000000e+00
2.901901378185680187e+03
1.308579621477252513e+05
0.000000000000000000e+00
3.757101784341782331e+04
7.186003412813087152e+02
0.000000000000000000e+00
0.000000000000000000e+00
2.650001258552001104e+01
0.000000000000000000e+00
0.000000000000000000e+00
0.000000000000000000e+00
0.000000000000000000e+00
0.000000000000000000e+00
4.320002051677224699e+02
5.320002526602507942e+01
0.000000000000000000e+00
1.937800920310214224e+03
1.391110660673311031e+04
1.446000686741959953e+03
3.069622457840623683e+05
4.023701910956863139e+04
7.863003734337503374e+02
1.009490479432324355e+04
4.472000123864917550e+05
9.087416315841720207e+05
1.080000512919306210e+01
1.445000686267034666e+02
5.757002734144856504e+02
0.000000000000000000e+00
3.172501506700461960e+03
0.000000000000000000e+00
5.201863470495310030e+05
0.000000000000000000e+00
8.676385120632705512e+05
4.420002099169752796e+01
1.632435775284655101e+05
1.630000774128211916e+01
0.000000000000000000e+00
8.347003964201340978e+02
0.000000000000000000e+00
7.349403490415877968e+03
0.000000000000000000e+00
2.501301187930611377e+03
4.687002225974803764e+02
0.000000000000000000e+00
1.354623643344712327e+05
0.000000000000000000e+00
2.249149068177251320e+05
1.122320533018144124e+04
7.519003570963205902e+02
0.000000000000000000e+00
0.000000000000000000e+00
3.578201699377649220e+03
7.281903458358421631e+03
3.563345692322159302e+05
0.000000000000000000e+00
5.017162382776135200e+04
2.045700971554652369e+03
0.000000000000000000e+00
1.788900849593839666e+03
1.013700481431759840e+03
4.037752917630037991e+05
9.083766314108242514e+05
0.000000000000000000e+00
2.469401172780495017e+03
7.966612783544037957e+05
1.436000681992707086e+02
0.000000000000000000e+00
4.821785289986658026e+05
3.000001424775850523e-01
1.746742829571939365e+05
1.312220623206455457e+04
0.000000000000000000e+00
3.667001741551014220e+02
2.677101271422476202e+03
2.810001334540046614e+01
2.403001141245456154e+02
3.795001802341450912e+02
2.559001215333800303e+02
7.820003713915716048e+01
0.000000000000000000e+00
4.392002085871844770e+02
8.447866012103254907e+05
2.873501364697801819e+03
0.000000000000000000e+00
1.045000496296921284e+02
3.287208561177716474e+05
4.112866953303575865e+05
4.140001966190673556e+03
1.100000522417811766e+01
0.000000000000000000e+00
4.110001951942915071e+02
6.857288256698022597e+05
1.358100644996027540e+03
5.263802499911706946e+03
1.840000873862521402e+01
0.000000000000000000e+00
0.000000000000000000e+00
4.522670147929381928e+05
1.680000797874476248e+01
1.547000734709413621e+02
4.709852236826846638e+04
1.101600523177692367e+03
1.538086730475929508e+05
0.000000000000000000e+00
1.743500828032231766e+03
6.794003226642375921e+02
3.023701436031579760e+03
2.627001247628719739e+03
3.436801632223214256e+03
7.867503736474667676e+03
9.660004587778237806e+01
1.918788911280934699e+05
0.000000000000000000e+00
1.872000889060130646e+02
5.338002535151163102e+02
0.000000000000000000e+00
3.470001647990733318e+01
4.828002292939268614e+02
3.499001661763566972e+03
7.348680490072506946e+05
5.224979481473682681e+05
2.140001016340106688e+01
4.929173340987934498e+05
2.186001038186669518e+02
7.758989684938625433e+05
0.000000000000000000e+00
2.586061228185278596e+05
0.000000000000000000e+00
0.000000000000000000e+00
8.971903260981675703e+05
9.000004274327551013e-01
1.928700915988394172e+03
0.000000000000000000e+00
4.180001985187684710e+01
1.059000502945875269e+03
8.507018040196035290e+05
0.000000000000000000e+00
0.000000000000000000e+00
3.525001674111624084e+02
6.304002993928986598e+02
8.503308038434062619e+05
1.415304672163653304e+05
3.283000559179230477e+05
0.000000000000000000e+00
4.639502203415852819e+03
4.366742073875232018e+04
5.549637635661975946e+05
1.494300709680851014e+03
5.478377601818799740e+05
2.582701226589529597e+03
7.500003561939625918e+00
0.000000000000000000e+00
6.467633071641011338e+04
0.000000000000000000e+00
0.000000000000000000e+00
0.000000000000000000e+00
7.021003334450415423e+02
0.000000000000000000e+00
2.369641125401948739e+04
3.388001609046860381e+02
9.502004512740042628e+03
5.235542486490318697e+04
0.000000000000000000e+00
4.573282171966300666e+04
0.000000000000000000e+00
2.895401375098665540e+03
0.000000000000000000e+00
9.685904600078803924e+03
6.064002879946918938e+02
1.594700757363349567e+03
4.210001999435443309e+01
1.025600487083370808e+03
7.810003709166463750e+02
0.000000000000000000e+00
0.000000000000000000e+00
1.138400540654942688e+03
1.806000857715062011e+02
0.000000000000000000e+00
0.000000000000000000e+00
0.000000000000000000e+00
3.605001712105647016e+02
6.469332072447908577e+05
6.489003081790164060e+02
1.928402915846866381e+05
9.472462498709800420e+05
0.000000000000000000e+00
1.400388665079667990e+05
5.460002593092047363e+01
4.064201930191336942e+03
9.269004402082451861e+02
2.855379356091205846e+05
0.000000000000000000e+00
0.000000000000000000e+00
9.485632504964566324e+05
2.126001009691152603e+02
4.630002198904062283e+01
2.577001223882455747e+02
0.000000000000000000e+00
3.714001763872502579e+03
3.215801527264726701e+03
8.702004132799817171e+02
0.000000000000000000e+00
1.837000872437745613e+02
0.000000000000000000e+00
0.000000000000000000e+00
0.000000000000000000e+00
4.201621995455569413e+04
1.125050534314690231e+04
4.142975967603101162e+05
4.455002115792137829e+02
3.593001706406543576e+02
0.000000000000000000e+00
0.000000000000000000e+00
3.173970507398127229e+05
3.348401590239818906e+05
4.900002327133888969e+01
6.180002935038251621e+01
0.000000000000000000e+00
0.000000000000000000e+00
0.000000000000000000e+00
8.821544189572385512e+05
2.119392006552371313e+05
1.959894930803213501e+05
8.730004146097724060e+01
1.723930818737943991e+04
1.150000546164075956e+02
0.000000000000000000e+00
1.185870563199645949e+04
0.000000000000000000e+00
0.000000000000000000e+00
0.000000000000000000e+00
6.533916103120483458e+05
7.510003566688878607e+01
1.690420802823197737e+05
8.952004251531137697e+02
9.762834636614804913e+04
3.139541491046924421e+04
8.208322898338227533e+05
2.073000984520112524e+03
1.360000645898385585e+02
0.000000000000000000e+00
4.880002317635383235e+01
2.763960312674011802e+05
4.201581995436572470e+04
0.000000000000000000e+00
0.000000000000000000e+00
9.930674716326264897e+05
7.518703570820728601e+03
8.600004084357438572e+00
5.060012403126683785e+04
0.000000000000000000e+00
0.000000000000000000e+00
1.844000875762222620e+02
0.000000000000000000e+00
0.000000000000000000e+00
2.770001315543035147e+01
5.309162521454317903e+04
0.000000000000000000e+00
1.337318635126130248e+05
1.219000578933920593e+02
0.000000000000000000e+00
2.897001375858546339e+02
0.000000000000000000e+00
4.890102322432128858e+03
6.737604199857064523e+05
4.235849011710837367e+05
1.204500572047503965e+03
1.690500802861191687e+03
0.000000000000000000e+00
4.870002312886130653e+02
5.071419408544156468e+05
0.000000000000000000e+00
6.589607129569547251e+05
7.351993491645934409e+04
0.000000000000000000e+00
6.109084901357500348e+05
0.000000000000000000e+00
4.650202208497553329e+03
3.891505848173640552e+05
3.285101560177048668e+03
0.000000000000000000e+00
3.734001773371008426e+02
3.360901596176385283e+03
8.971305260697670747e+05
9.800004654267777227e+00
2.145001018714733050e+02
4.090101942491901809e+03
3.254401545596842425e+03
8.060003827897784845e+01
0.000000000000000000e+00
0.000000000000000000e+00
0.000000000000000000e+00
1.055000501046174008e+02
5.457852592070958053e+04
5.572383646464626072e+05
0.000000000000000000e+00
7.256003446057857218e+02
0.000000000000000000e+00
1.141200541984733536e+04
0.000000000000000000e+00
2.340241111439145243e+04
1.573900747484903604e+03
8.472004023567001241e+02
0.000000000000000000e+00
6.362003021474653224e+02
8.688004126150863158e+02
5.266917501391099067e+05
4.526157149585446459e+05
1.983000941776837180e+02
1.581100750904365668e+03
1.911230907691449465e+04
7.430003528694855675e+01
4.850389303571420605e+05
7.180003409963535432e+01
2.011934955518325150e+05
0.000000000000000000e+00
5.099128421703861095e+05
9.433868480380534893e+05
0.000000000000000000e+00
6.919892286430244567e+05
0.000000000000000000e+00
5.832188769852588885e+05
3.220001529259413076e+01
2.822001340239149840e+02
1.086300515911335424e+03
4.875947315709561226e+05
8.662004113802805705e+02
0.000000000000000000e+00
5.521002622062489991e+02
0.000000000000000000e+00
8.669004117127282143e+02
1.202599571144670917e+05
7.254755445465149824e+05
7.700403657114652560e+03
3.629101723551346367e+03
2.124901009168734618e+03
0.000000000000000000e+00
0.000000000000000000e+00
1.590000755131200627e+01
2.350147116143755266e+05
0.000000000000000000e+00
5.194102466809415091e+03
0.000000000000000000e+00
6.725771194237273885e+05
1.154600548348732218e+03
5.500002612089058829e+01
4.258662022545307409e+05
0.000000000000000000e+00
5.489523607112317113e+05
7.830003718664968915e+01
2.126001009691152603e+02
2.293001089003674906e+02
3.098001471318528388e+02
0.000000000000000000e+00
0.000000000000000000e+00
0.000000000000000000e+00
7.063853354800964007e+04
1.547600734994368622e+03
0.000000000000000000e+00
3.828001818013985371e+02
8.640004103354449398e+02
1.717700815779159484e+03
0.000000000000000000e+00
0.000000000000000000e+00
9.288998411578108789e+05
0.000000000000000000e+00
6.824773241255827015e+05
8.036378816677675350e+05
